56
105
457
491
332
397
214
372
302
580
484
102
74
596
400
422
37
179
419
364
557
229
420
540
312
233
49
220
141
81
40
365
310
106
204
483
230
7
402
88
100
335
543
566
403
327
544
500
338
59
371
212
357
95
590
574
65
320
176
446
522
75
192
73
262
216
367
534
549
289
444
418
159
384
213
535
19
206
473
565
539
326
98
210
347
129
234
136
89
330
362
314
407
504
153
569
239
323
376
309
538
532
115
584
393
69
593
171
79
201
514
411
561
92
77
42
523
416
243
333
18
30
209
144
251
487
186
521
28
472
328
581
117
578
421
405
265
352
31
68
299
414
488
337
445
471
298
124
118
146
435
346
291
460
456
425
21
394
479
114
453
450
14
512
125
536
318
47
582
196
465
55
145
109
215
286
121
599
567
481
485
399
466
96
207
122
177
162
369
432
134
375
260
558
203
190
468
264
255
169
12
345
154
269
198
304
475
142
417
353
389
140
588
112
571
315
237
84
202
586
107
354
283
175
525
110
244
58
401
396
413
64
157
238
334
226
132
53
104
36
172
600
601
228
476
509
587
51
597
440
374
222
22
167
306
275
83
35
391
515
553
497
313
279
424
382
147
23
103
331
183
197
443
113
300
551
406
288
398
294
11
128
62
276
38
381
316
537
493
93
442
155
116
427
248
10
604
166
272
575
1
3
478
133
27
170
126
67
163
48
547
164
595
256
517
506
392
34
187
505
85
351
70
387
268
227
200
458
24
250
13
181
360
94
185
111
348
321
496
258
533
148
576
261
50
585
135
32
486
380
8
63
438
452
44
156
57
373
241
395
477
388
9
41
541
437
119
526
52
559
195
349
211
368
178
282
404
494
370
270
54
409
160
342
193
17
480
290
303
474
285
254
439
343
358
46
273
548
60
305
99
301
602
80
120
280
184
232
173
492
577
130
287
511
259
267
377
426
139
431
530
161
138
246
464
591
82
560
341
469
363
415
78
501
296
499
462
546
412
188
231
15
66
152
26
503
278
274
271
221
6
423
324
430
350
247
308
182
336
528
555
263
359
552
5
361
428
573
189
429
490
297
383
29
242
33
72
123
199
507
86
91
454
524
180
131
550
448
495
568
90
319
149
340
386
589
20
562
87
219
150
482
436
516
603
498
339
191
311
218
455
433
225
598
194
284
317
325
76
217
510
252
390
292
378
410
25
583
240
554
168
449
355
463
165
101
253
307
605
572
542
447
137
143
108
39
322
592
434
266
385
174
531
508
249
451
151
459
208
467
235
61
545
295
293
408
441
127
223
513
43
563
529
379
281
594
205
2
4
564
245
71
570
344
16
519
277
366
45
489
527
502
158
329
97
224
520
470
236
356
579
556
461
