251
59
63
483
516
67
360
493
20
43
45
128
161
165
289
334
424
454
457
524
567
586
576
186
307
447
48
505
14
143
234
525
339
340
153
501
21
25
26
28
30
44
66
83
84
89
183
189
190
215
247
248
317
328
410
413
431
456
461
485
486
490
569
572
53
436
498
60
406
52
585
179
196
300
313
383
430
565
363
27
127
428
46
47
80
109
136
139
145
157
159
166
174
175
193
199
207
210
240
241
242
249
277
291
293
298
299
302
332
362
407
422
432
462
468
469
471
502
535
536
537
540
574
578
579
580
581
584
587
588
590
591
592
594
599
96
147
170
405
480
487
315
348
378
290
450
460
311
414
434
79
216
337
421
465
476
530
6
545
387
92
297
543
544
105
167
397
54
148
160
198
325
439
477
575
38
401
371
121
279
512
8
9
18
22
24
51
71
73
74
75
76
77
78
107
110
144
164
169
176
191
195
197
208
211
231
239
243
257
261
263
264
283
336
346
350
354
395
398
399
400
416
417
418
425
426
427
429
448
464
473
475
478
522
550
554
559
564
566
568
582
117
118
119
184
232
301
318
396
403
412
415
419
509
532
31
162
265
356
423
467
481
514
344
34
36
57
533
17
70
91
93
309
511
551
10
172
203
204
205
224
226
227
228
229
253
256
260
276
284
287
331
338
355
376
377
380
382
386
440
463
474
521
547
552
555
402
598
271
372
233
137
303
560
570
319
304
223
282
507
4
19
40
103
106
124
125
129
130
131
154
188
202
212
213
246
250
288
330
335
341
365
393
445
451
452
541
556
563
595
115
68
353
443
64
351
534
342
349
583
81
23
29
151
158
438
200
69
141
152
217
218
220
252
374
381
389
390
488
596
420
329
444
134
324
327
375
472
37
122
453
99
214
305
503
61
62
82
98
104
138
182
192
219
221
294
323
391
458
517
519
523
527
528
548
97
133
236
255
314
409
549
577
32
411
86
95
442
39
49
150
156
225
235
238
254
259
270
274
278
285
286
308
310
320
343
352
367
369
408
466
484
510
531
558
597
269
2
13
16
237
515
600
90
85
87
112
244
267
273
364
392
437
491
497
113
268
357
539
553
1
146
181
388
459
230
15
379
321
56
72
296
108
114
116
168
209
316
361
526
542
546
347
513
593
358
394
489
370
492
5
50
58
142
163
180
222
266
281
384
482
504
529
538
557
35
173
258
275
345
385
479
506
3
12
470
88
149
312
494
495
496
500
589
11
33
41
42
65
94
101
120
123
126
135
140
155
171
177
178
185
187
245
262
292
295
306
322
333
404
433
435
441
446
449
499
508
520
573
55
102
132
326
373
561
562
100
194
201
359
366
571
111
7
206
455
518
280
368
272
