86
48
50
117
130
169
62
54
114
63
126
136
150
94
46
180
82
57
113
79
129
85
92
181
74
179
91
168
119
153
147
127
121
68
99
148
137
170
83
108
118
162
182
75
173
87
65
90
122
160
89
175
106
73
151
100
53
77
142
93
163
103
61
71
102
76
98
72
176
123
56
161
60
133
125
67
52
120
167
70
135
112
183
110
152
51
146
66
185
124
107
101
132
143
165
81
164
58
95
139
55
149
109
59
172
115
184
166
64
104
69
84
144
88
141
47
49
177
154
159
178
96
116
171
140
155
158
174
138
97
131
156
80
145
111
128
157
78
105
134
