10708100
109272464
112432117
112457891
113393530
113695504
121491555
1300049
131471224
132674823
134219713
134969118
138280935
139397894
141165819
14417807
152085091
153288994
153479919
160739235
163347032
1662732
167554340
184188301
187369436
191644724
19312190
199546871
20244403
20269531
204035155
211789056
212801092
222400012
222969461
227319668
231203233
233069302
234474252
242381745
243322160
245797967
24756624
25011600
253022876
259388196
260770918
260805477
264306399
271438431
273260055
275962311
276751903
277173473
280633567
28414965
294148271
295847284
295971920
300946911
301435199
305522471
30845
309738752
314747499
319472946
322160340
323403273
330211482
332040978
332349500
33237992
334834274
337752649
339233463
339712426
342607223
343861179
345106466
351069889
360868122
36151748
363910111
363923697
363996959
364818297
367453993
368691270
368920189
370487086
370581729
370989364
377784364
381073001
381772114
384162788
386315192
390124815
393421437
398223854
398737566
399658727
399771412
403414852
404159499
407505660
410742000
413787783
414476027
415823523
416679555
420023788
420776180
42487730
431859843
435234965
436757988
437296311
440379437
441044382
442121106
443968955
446466105
455563743
45615666
456839592
458159238
461786517
466142721
470689086
476115505
476980013
480168528
480951955
481044938
482810518
486228782
494170342
498138869
500412746
502058701
502097814
509647174
514829225
519756660
519899904
521265716
52541318
525932996
535145551
537092325
539490372
540688287
545337468
54759846
551346974
551834634
552560652
553069203
561196580
563680513
565090917
56772045
568596888
568626529
56920285
571658797
578935259
578953538
582347317
58317344
584205124
585408256
586486572
587567941
58791499
599942664
60114406
603686790
604664374
60517918
61161660
615389812
619308550
621209647
621932914
6298838
630184120
63179277
632092621
634335025
63761469
643805155
646304055
652535724
652779496
65848458
658797903
66073987
663843431
668991357
671089628
672243793
674171828
685233686
687685941
690627818
693168613
693325305
695256908
697712387
701156975
712885347
713403643
716374314
717889520
718299860
7201901
72636981
733022683
746201340
746373306
749211824
749389530
750246141
750905084
752513276
754372876
758596752
761597760
764853868
767955365
769680433
778552911
785853949
788456780
792847334
801365500
801758002
8066363
811994146
812797414
82638150
826454897
827686041
830150469
834186596
835460180
841560125
843479922
844973625
857651804
858323870
860123571
862951447
87268837
872923042
878395493
879334904
879342154
885055826
886023130
895209680
90836195
90888098
912141525
912265825
918737118
92096924
929666391
931190412
943170460
947029962
948320468
954276278
95958330
964089218
9659517
969985265
974026903
97728960
981495526
981597097
982310417
987554265
988315686
992874797
993310268
998320692
999440576
