125.5000
63.4615
43.2692
8.6200
23.7200
29.8462
32.6923
50.4808
40.8654
42.4808
28.8462
25.0000
36.0577
24.0000
28.7500
37.5000
13.4615
14.4231
84.1346
24.5192
12.4500
13.4500
11.0000
9.5000
15.0000
19.2308
9.0000
14.0000
10.0000
6.5000
7.2500
6.7500
7.0000
21.6346
10.5769
17.7885
16.8269
10.2500
23.5577
16.0000
13.5000
24.0385
20.4327
9.2500
9.7500
39.0600
48.5577
60.0962
27.1394
13.9423
18.2692
16.5865
34.7356
19.0000
26.4423
9.8600
22.5000
30.0000
12.7500
39.6635
32.4519
27.4038
38.4615
72.1154
48.1010
23.0769
