57
54
273
4
139
109
249
132
214
51
290
7
73
281
227
28
98
101
231
146
142
85
209
234
189
276
198
208
210
259
100
120
155
118
18
76
262
55
278
219
21
2
16
138
17
175
220
221
238
168
131
161
44
26
261
230
88
1
194
158
77
184
241
40
268
152
156
20
32
240
205
47
119
123
140
42
114
213
217
169
102
70
245
242
75
172
256
226
182
196
97
78
163
257
215
128
145
91
107
211
116
191
282
216
159
253
30
81
63
111
237
74
124
14
99
188
202
260
204
263
37
72
27
103
134
190
41
39
255
225
170
236
12
248
285
254
13
62
167
45
129
274
3
162
247
25
121
19
272
235
68
165
218
181
113
177
186
233
228
106
115
52
143
153
178
15
58
71
130
64
267
125
174
122
179
82
117
166
251
147
243
280
277
239
224
185
38
108
67
197
192
137
270
232
56
126
164
9
46
246
289
269
266
95
222
207
48
203
43
5
79
136
160
187
279
104
94
87
24
148
201
171
200
265
31
127
69
34
286
193
149
23
86
93
258
36
252
105
33
65
8
157
90
92
60
133
66
206
275
59
50
110
264
176
180
173
141
150
229
10
212
144
250
284
89
96
49
195
61
271
244
80
84
29
288
22
135
53
183
11
154
223
112
287
283
83
199
151
6
35
