K4B 1S2
V5A 4X1
59140
91370
93400
98104
91940
33127
97205
90012
92400
75017
92310
59223
75003
75009
93290
31770
59000
77127
78000
78400
91420
92081
95000
92700
59100
57000
75007
78100
59491
92100
59170
45000
75012
41100
97355
75005
77680
75019
93500
92150
93000
38054
75006
98201
75002
V2W 1W2
94704
4655
94014
CB4 4BZ
94941
97330
2061
V3A 4R2
SW6 SBY
90706
90505
92020
91502
2450
98371
98052
PB12
75010
21201
98225
V7L 4J4
2444
98901
98312
GA10
V9
2138
91364
98284
97034
98168
SW8 4BG
98270
97068
MK8 8DF
90401
2036
95062
T2P 2G8
4810
OX1
LE18
98033
97045
98036
3205
91910
98027
3280
94010
98501
PE17
2113
AS23
92102
98366
91791
93700
94519
2777
V2L3W8
2264
W1X3SE
2300
45202
V8Z 4N5
2055
V8P
99362
2500
94611
W10 6BL
1597
Y024 1GF
SW1P 2NU
3550
V3L 1H4
97071
V6B 3P7
BD1 4SJ
91203
92118
98020
RG12 8TB
KB9
97222
90712
WA3 7BH
91977
2010
SL67RJ
92806
94015
7001
90802
90241
91932
97005
98004
4700
17490
3977
RG7 5H7
TY31
20151
OX14 4SE
W1N 9FA
99202
91950
SL4 1RH
94947
2580
4171
91945
91776
3198
SW19 3RU
75016
94310
80610
EM15
75013
V0
4000
LA1 1LN
E17 6JF
V2M1N7
V8Y 1L1
HP10 9QY
94303
92625
98055
B29 6SL
EC1R 0DU
97301
2060
90210
V3J 6Z3
91941
94070
6105
94536
3337
NT20
2065
WA3
94109
4217
C2H 7AU
1002
V9B 2C3
RG11 5TP
98403
68601
V8X
60433
4169
W1V 5RN
94063
98107
GL7 1RY
4551
98011
RG41 1QW
93030
10007
61606
Y03 4TN
75061
3429
GL50
98256
3220
3000
WA1
31008
V8V
5023
98296
6006
MK8 8ZD
77840
V9B 5T2
W1Y 3RA
98272
CM11
85004
SE1 8HL
V3L 1E7
SW8 1XD
98006
98014
YO15
62200
75008
RH15 9UD
31901
OX16 8RS
V2M1P1
97321
78701
L4 4HB
98074
32300
98019
66740
V2M1S6
80203
H1Y 2H7
30253
93010
WA1 4SY
98251
37501
90746
75040
06032
98003
44128
83402
M4B 1V7
89030
78204
60610
59801
63009
77003
33755
84720
83301
84407
98028
M4B 1V5
29577
46204
L5B 3V4
90245
75201
48226
95035
57049
42718
63103
63135
L6W 2T7
H1Y 2H8
98801
84070
90703
90232
T5
60185
94066
45246
M4B 1V4
L3S 3K2
78404
V3T 4W3
H1Y 2H5
35801
85257
44119
60191
34205
97504
02892
48195
85374
98072
K2J 2W5
82001
33162
92335
37086
M1V 4M2
M9V 4W3
85233
60120
M9W 3P3
89408
92701
90650
32804
84065
2015
97015-6403
H9P 1H1
M4B 1V6
80537
84101
92084
37203
98031
06880
94596
98221
RG24 8PL
V5G 4W1
98584
92679
22001
35203
91706
33021
L4G 7N6
85284
98671
59368
77520
28202
94801
44214
92311
30021
48001
53202
53131
78613
27104
36602
02139
48071
97015
98926
30308
63301
59101
46360
46807
30106
60188
91016
K2L 1H5
57716
38804
V5G 4S4
61265
85225
95610
84401
48375
91001
87501
83864
98532
87124
78040
37343
76102
29910
95202
02184
82601
80501
97601
80030
55402
L4W 5J3
75074
91411
36104
G1R
K0J 1J0
02368
94566
44074
7L
03064
94583
K4B 1S3
65101
30024
94541
89502
03904
L4E 3M5
95112
06460
28081
V5A 3A6
13214
85252
8Y
32701
85701
38103
35630
J4Z 1C5
02889
89106
94560
V5H 3Z7
48640
48185
13041
95354
46601
R3
63074
97223
93291
88044
90040
90201
91303
55436
N2V
13413
95624
99337
98382
02113
27603
14227
44060
32952
19107
40207
98632
55802
83702
84010
80138
49464
65616
10210
33143
10917
89701
39530
43215
12210
89431
K4B 1T7
33000
97477
76541
80110
K4B 1S1
27803
82070
J1G 2R3
55056
59715
34236
02062
J1E 2T7
J4Z 1R4
93955
98626
H1Y 2H3
94404
48342
23607
06518
84074
97123
30901
97060
53182
77338
88001
30060
06901
95603
48034
06710
L4N
48601
30030
V5T 1Y9
94587
G1W
12845
38001
66041
95010
34117
12171
40605
91054
70452
20354
60323
41485
63151
14111
45001
91480
80074
14197
33098
14129
42651
01071
53001
38231
12311
64283
85049
40434
01906
06510
11747
24044
60355
46236
66272
60082
66578
95501
37863
33041
64106
E2P 1E3
60075
86150
04139
86171
H1Y 2G5
80631
13441
29340
54455
G1T
BA5 3HX
10791
92025
38555
85201
27577
77478
37801
37660
77477
42501
03106
98045
11580
39501
60061
93230
70511
66001
04838
30601
59401
55125
49423
32960
10501
91764
43056
47334
44903
53038
64076
48843
65800
92530
03276
20176
83501
76010
46947
77568
92867
33801
55049
91786
95814
47362
41071
95688
78664
33322
13760
95020
92373
27412
48060
14850
92831
48239
23451
60706
91403
98503
06512
92173
31401
32541
93065
76645
84098
61953
43528
03865
M4C 4K6
L5A 1H6
22046
90605
75149
41042
33602
98903
91901
91801
02895
30240
92614
82901
02093
