1
2
3
4
316
317
318
319
320
321
322
323
324
325
326
327
328
329
330
331
332
341
342
343
344
345
346
347
348
349
350
351
352
355
356
357
358
359
360
361
362
363
364
365
366
367
368
369
370
371
372
373
374
375
376
377
378
379
380
381
382
383
384
385
386
387
388
389
390
391
392
393
394
395
396
397
398
399
400
401
402
403
404
405
406
407
408
409
410
411
412
413
414
415
416
417
418
419
420
421
422
423
424
425
426
427
428
429
430
431
432
433
434
435
436
437
438
439
440
441
442
443
444
445
446
447
448
449
450
451
452
453
454
455
456
457
458
459
460
461
462
463
464
465
466
467
468
469
470
471
472
473
474
475
476
477
478
479
480
481
482
483
484
485
486
487
488
489
490
491
492
493
494
495
496
497
504
505
506
507
508
509
510
511
512
513
514
515
516
517
518
519
520
521
522
523
524
525
526
527
528
529
530
531
532
533
534
535
679
864
865
866
712
861
862
863
858
859
860
739
740
741
742
743
744
745
746
747
748
680
706
717
718
719
720
721
837
838
839
840
885
887
888
889
890
891
892
893
917
918
919
920
924
925
926
927
943
944
722
723
724
725
726
727
728
729
730
736
737
738
886
895
896
897
898
899
900
901
902
903
713
714
715
716
855
856
857
841
849
850
851
830
831
832
814
904
905
906
942
731
732
733
734
735
822
833
834
835
836
709
710
771
772
773
774
775
776
777
778
779
780
781
782
783
784
785
786
787
788
980
981
982
983
984
985
986
987
988
989
990
991
992
993
874
875
749
750
751
752
753
789
790
791
792
793
794
795
796
973
974
975
976
754
755
756
757
758
797
798
799
800
801
759
760
761
762
763
764
765
766
767
768
769
770
977
997
998
999
881
882
883
884
707
708
711
954
955
956
957
966
967
968
969
953
970
971
972
958
959
960
961
962
963
964
965
978
979
867
868
869
852
853
854
815
829
821
816
817
946
947
818
819
820
808
941
809
810
811
812
813
805
806
807
935
936
937
915
914
916
938
939
940
827
828
908
909
910
911
912
913
928
929
930
931
932
933
934
921
922
923
994
995
996
952
949
950
951
948
945
802
803
804
880
846
847
848
870
871
872
873
843
844
845
876
877
842
878
879
823
824
825
826
894
907
