435.00
450.00
400.00
445.00
460.00
2.24
2.30
2.12
2.16
2.20
2.46
2.48
2.50
2.32
2.36
2.40
2.22
2.26
2.38
2.72
2.76
2.80
2.84
2.68
15.00
13.77
14.13
14.42
14.68
17.79
17.90
16.77
17.13
17.42
19.79
19.90
20.00
18.77
19.13
19.42
20.35
20.77
21.13
21.42
23.35
23.77
24.13
25.35
25.77
26.13
26.42
14.77
15.13
15.42
15.79
15.68
17.35
17.77
18.13
18.42
18.68
2.73
900.00
850.00
650.00
2.18
1050.00
1000.00
890.00
2.77
2.81
2.85
2.34
3.08
3.20
2.96
3.00
3.04
215.00
3.10
3.14
3.16
3.02
317.00
2.92
218.00
185.00
189.00
168.00
149.00
2.88
88.00
600.00
635.00
575.00
27.90
25.13
25.42
25.68
25.90
29.68
29.90
30.00
28.77
29.13
29.42
29.79
27.13
27.42
27.68
15.35
15.77
16.13
16.42
20.79
26.35
26.77
27.35
27.77
28.13
28.42
28.68
223.00
170.00
19.77
20.13
20.42
