0.0000
133.3400
147.1400
196.9200
1431.5000
34.9900
9.5000
8.9900
49.9900
337.2200
594.8300
1364.5000
1349.6000
3578.2700
1457.9900
782.9900
3399.9900
3374.9900
2319.9900
2294.9900
1079.9900
2443.3500
1120.4900
148.2200
175.4900
229.4900
34.2000
102.2900
124.7300
44.5400
61.9200
120.2700
348.7600
60.7450
209.0250
300.2150
85.5650
248.3850
330.0600
218.0100
87.7450
236.0250
327.2150
112.5650
275.3850
357.0600
245.0100
59.9900
125.0000
25.0000
19.9900
24.9900
13.9900
44.9900
74.9900
89.9900
24.4900
37.9900
63.5000
69.9900
4.9900
9.9900
2.2900
120.0000
7.9500
21.9800
159.0000
54.9900
53.9900
1003.9100
333.4200
121.4600
364.0900
106.5000
27.1200
39.1400
52.6400
264.0500
3.9900
249.7900
29.9900
35.0000
21.4900
32.6000
28.9900
40.4900
62.0900
80.9900
91.4900
46.0900
91.5700
256.4900
404.9900
20.2400
1214.8500
2384.0700
742.3500
1700.9900
539.9900
769.4900
564.9900
101.2400
121.4900
