8
15
9
16
14
4
19
2
3
1
27
11
46
43
44
20
30
13
29
10
5
17
7
22
23
120
224
98
18
322
138
460
4600
1148
574
240
680
448
472
2296
305
118
151
40
50
6
12
60
24
70
28
80
32
110
38
41
26
39
54
21
72
69
61
64
53
47
83
71
56
68
76
62
59
488
423
169
52
592
540
1132
11320
2862
1431
976
1288
846
1418
5724
593
203
635
90
36
25
37
49
48
370
279
128
407
409
816
8160
2080
1040
740
892
558
1074
4160
379
150
511
100
34
33
51
187
351
75
461
262
723
7230
1798
899
374
1072
702
744
3596
130
308
82
87
31
86
73
63
67
45
42
35
92
66
78
77
632
669
291
163
960
795
1755
17550
4344
2172
1264
2246
1338
8688
906
345
921
55
91
454
494
207
114
701
568
1269
12690
3226
1613
908
1630
988
1550
6452
659
249
705
190
140
171
300
113
57
413
228
641
6410
1428
714
342
940
600
682
2856
348
123
243
79
65
58
498
614
238
162
852
660
1512
15120
3354
1677
996
2028
1228
1796
6708
684
251
742
422
180
105
602
512
1114
11140
2546
1273
814
1414
844
1384
5092
496
192
585
193
134
504
266
770
7700
1886
943
386
1154
800
3772
468
161
314
81
97
74
590
677
182
772
1715
17150
4290
2145
1180
2250
1354
2076
8580
910
315
920
456
463
210
107
673
563
1236
12360
3134
1567
912
1560
926
1546
6268
626
247
694
94
103
135
84
89
95
248
452
1056
364
2371
700
1307
23710
7048
3524
1686
3464
2575
2274
2989
14096
1509
900
1115
7126
3563
129
101
116
148
131
144
137
168
112
132
121
88
99
104
124
127
133
313
713
1358
382
576
3342
1026
1740
33420
10110
5055
2522
4868
3695
3046
4596
20220
2008
1291
1756
10288
5144
85
126
106
119
289
676
957
273
396
2591
965
1230
25910
7820
3910
2374
3434
2904
2147
3759
15640
1041
1451
7996
3998
109
111
220
355
838
277
1893
575
18930
5086
2543
1344
2676
2010
2328
10172
1084
699
760
5154
2577
141
139
122
159
145
93
650
1179
361
547
3010
923
1540
30100
8196
4098
2106
4246
3176
2557
4015
16392
1092
1439
8350
4175
96
523
821
211
316
2118
1032
21180
5894
2947
1724
2768
1769
2850
11788
1109
781
1057
6060
3030
160
170
175
155
194
1520
489
837
15200
3640
1820
1080
2062
1571
1408
1761
7280
807
467
546
3670
1835
143
1081
307
481
2654
785
1388
26540
6152
3076
1720
3738
2729
2256
3247
12304
1204
1112
6206
3103
217
359
172
255
1703
872
17030
4130
2065
1312
2254
1783
1469
2121
8260
802
562
4190
2095
232
808
197
1917
639
1005
19170
5192
2596
1450
2584
2017
1753
2443
10384
1046
716
834
5228
2614
153
274
535
1181
357
551
2898
809
1538
28980
7864
3932
1844
4228
3036
2540
3751
15728
1541
1319
7994
3997
108
102
803
213
296
1932
620
1016
19320
5506
2753
1480
2696
2088
1736
2548
11012
715
929
5644
2822
367
317
549
339
331
882
1277
189
2490
470
1191
793
506
25520
7892
3946
1598
2124
1688
2705
1280
3702
15784
1477
1014
1455
230
280
250
125
117
565
578
697
271
525
613
1318
1933
1386
209
154
195
3864
861
1219
884
39570
12062
6031
2754
2858
2878
4245
1865
5866
24124
2272
2415
200
260
115
149
242
609
303
1375
1804
1595
208
218
896
1776
1203
39270
11884
5942
2712
2270
3334
4158
1620
5928
23768
2343
1174
2425
310
319
239
451
710
1163
2183
450
1000
738
445
22440
5816
2908
1496
1422
2303
1116
3250
11632
1002
758
491
281
622
245
457
212
438
1691
1107
165
164
3244
1508
1053
683
33040
9014
4507
2156
2352
2242
3375
1545
4944
18028
1657
1836
270
340
136
320
290
500
254
559
227
548
1195
1587
1365
181
3330
775
1051
719
34620
8984
4492
2200
2036
2800
3518
1470
5190
17968
1673
950
1869
400
360
350
440
176
410
380
152
420
330
252
223
225
541
925
550
327
794
338
4162
2081
1038
1324
1100
1731
792
2590
8324
726
566
789
443
261
554
226
311
353
798
1510
827
2661
516
1188
894
579
27010
6672
3336
1738
2082
1654
2737
1222
4100
13344
1120
1395
403
446
545
479
1337
1249
2804
704
1254
640
28460
6828
3414
1600
1660
2498
2879
1090
4518
13656
1296
1404
390
156
295
324
263
698
662
2097
399
963
720
414
21470
5726
2863
1372
1670
1334
2188
1030
3164
11452
1027
729
430
184
433
495
293
644
421
215
426
1062
179
201
3144
1426
1075
643
32120
8696
4348
2122
2386
3332
1452
4836
17392
1524
1786
405
490
564
234
543
1113
1505
1341
3161
777
1427
1021
32950
8774
4387
2052
1880
2746
3339
1320
5002
17548
1581
860
1946
510
204
236
188
