408
324
353
427
318
364
585
443
512
422
388
532
441
283
158
152
136
171
132
308
184
305
481
372
569
540
641
622
587
475
603
568
513
476
558
576
467
548
566
457
574
390
344
233
267
392
339
369
336
606
499
358
332
382
321
315
300
246
323
251
337
328
256
342
406
313
179
281
145
278
195
276
257
289
262
243
275
248
228
260
214
360
374
363
368
601
531
377
334
643
619
326
411
691
299
412
689
252
155
649
547
272
284
347
288
350
291
249
393
244
294
897
156
264
163
270
356
169
676
638
217
304
526
633
148
192
385
524
710
654
292
140
366
657
460
296
144
147
780
497
302
150
459
355
636
550
763
404
398
544
212
316
310
307
312
340
625
417
414
552
371
361
572
627
516
387
280
384
620
515
496
617
494
616
510
492
614
508
491
612
507
489
611
505
488
609
504
486
608
502
484
624
518
500
521
630
528
640
534
635
529
520
483
478
596
473
592
468
595
472
598
604
204
187
571
628
577
632
579
580
582
584
403
198
196
176
331
593
600
254
420
17
14
16
41
24
28
49
12
4
35
25
30
44
273
320
121
673
542
681
724
268
216
219
220
222
329
224
225
164
209
139
124
107
644
888
702
924
729
425
444
715
379
409
180
161
160
137
105
91
73
60
102
32
108
52
76
112
51
65
83
75
62
99
56
78
116
86
67
81
100
88
104
123
240
286
265
110
96
126
428
446
232
432
115
142
153
131
401
396
72
0
36
400
230
120
168
241
236
174
182
172
177
235
129
118
134
297
348
40
128
54
80
