8
15
9
16
14
4
19
2
3
1
27
11
46
43
44
20
30
13
29
10
5
17
7
22
23
120
224
97
18
322
138
117
98
460
220
4600
1148
574
236
680
448
472
2296
305
118
151
40
50
6
12
60
24
39
70
28
80
32
110
49
38
41
26
54
21
72
69
61
64
53
47
83
71
56
68
76
62
59
488
411
169
52
592
540
423
1132
1111
11320
2862
1389
976
1288
1431
846
1376
5724
593
203
623
90
36
78
25
37
48
370
279
128
393
409
125
816
395
8160
2039
1040
740
892
1014
558
1074
4160
369
150
511
2080
100
34
33
51
181
351
75
461
262
182
187
723
344
7230
1798
899
367
1072
702
744
3596
130
308
82
87
31
86
73
67
45
42
66
77
632
669
291
163
35
63
84
81
92
960
795
160
1755
17550
4344
2172
1264
2246
1338
8688
906
345
921
2107
88
55
65
91
454
494
207
114
701
568
202
477
1269
12690
3226
1613
908
1630
988
1550
6452
1581
659
249
705
190
107
140
166
300
113
57
413
228
171
641
294
6410
1428
714
336
940
600
682
2856
348
123
243
79
58
498
614
238
162
852
660
484
1512
15120
3354
1677
996
2028
1228
1796
6527
684
251
742
3237
407
422
180
105
602
512
176
408
1114
11140
2546
1273
814
1414
844
1384
5092
1248
496
192
585
193
134
504
266
770
7700
1886
943
386
1154
800
751
3772
468
161
314
1830
914
74
590
677
772
177
259
1715
17150
4290
2145
1180
2250
1354
2076
1673
8580
910
315
920
4162
2079
456
463
210
673
563
104
204
1236
12360
3134
1567
912
1560
926
1546
1206
6268
626
247
694
3040
1519
146
93
103
135
95
248
452
1056
364
127
2371
354
700
245
2298
1307
23710
7048
3524
1686
3464
2575
2274
2989
14096
3454
1509
900
1115
7126
3563
129
101
116
144
131
137
132
121
89
85
99
122
133
713
1358
382
576
148
168
3342
313
1026
1740
556
33420
9908
5055
2522
4868
3695
4929
3046
4596
20220
1954
1291
1756
10288
5144
126
106
119
289
676
957
273
396
124
2591
282
965
384
2540
1230
25910
7820
3910
2374
3434
2904
2147
3759
2832
15640
1418
1041
1451
7996
7757
3875
3998
109
102
111
355
838
277
1893
813
575
18930
5086
2543
1344
2676
2010
2328
9898
1084
699
760
4974
5154
2577
141
139
159
145
650
1179
547
3010
361
891
923
537
1510
30100
8196
4098
2064
4246
3176
2557
4015
16392
1092
1439
8350
4175
94
523
821
211
316
96
2118
507
2078
1032
21180
5894
2947
1724
2768
1769
2850
11788
1109
781
1057
6060
3030
2940
170
156
175
152
194
1520
155
489
191
15200
3640
1820
1059
2062
1571
1408
1761
7280
807
467
546
3670
1835
143
1081
307
481
112
2562
299
785
1060
2654
1388
26540
6152
3076
1720
3738
2729
2256
3247
12304
2984
1204
1112
6206
3103
217
359
172
255
1703
1651
872
17030
4130
2065
1312
2254
1783
1469
2121
8260
2024
802
562
4190
2095
108
232
808
1917
197
617
639
268
985
19170
5192
2596
1421
2584
2017
1753
2443
10384
1046
716
834
5228
2614
153
274
535
1146
357
551
2898
1181
809
347
1538
28980
7864
3815
1844
4228
3036
3932
3639
15728
1541
1293
7994
3997
803
213
296
1932
779
620
1016
19320
5506
2753
1480
2696
2088
1736
2548
10715
715
929
5447
5644
2822
165
136
317
549
339
331
882
1233
189
2490
470
1277
1191
793
506
25520
7892
3946
1598
2124
1688
2705
1280
3702
15784
3868
1477
1455
230
240
280
250
115
565
578
697
271
525
613
149
1933
1386
209
154
195
3864
861
1318
1874
1219
854
39570
11821
6031
2754
2858
2789
4245
1865
5866
24124
5851
2272
2415
12062
200
260
557
242
609
303
1375
1804
541
1548
1595
208
218
896
1776
1203
39270
11884
5942
2712
2270
3334
4075
1620
5928
4158
23768
2343
1174
2425
233
310
342
239
451
710
1163
319
231
2183
450
693
1000
724
445
21767
5816
2908
1496
1646
1422
2303
1116
3250
11318
1002
758
5613
491
281
622
457
212
438
1691
425
1107
1080
3244
1508
1053
683
33040
9014
4372
2156
2352
2242
3375
4507
1545
4944
3291
18028
1657
1836
8744
4368
270
340
320
214
290
500
559
227
534
1195
1587
532
254
1365
1331
3330
775
548
1051
719
34620
8984
4358
2200
2036
2800
3518
4492
1470
5190
3431
17968
950
1869
8715
4353
400
360
350
440
410
164
420
253
330
252
380
223
225
531
925
244
550
327
897
794
4079
2081
1038
1324
1066
1731
792
2590
8324
2019
726
566
789
272
443
261
554
226
302
353
798
343
827
2608
2661
311
516
1165
894
579
27010
6672
3336
1704
2082
1654
2737
1222
4100
13344
1120
1395
3236
403
446
545
479
1337
1249
2804
2751
704
1254
640
28460
6828
3414
1600
1660
2498
2879
3329
1090
4518
13656
1262
1404
390
295
324
263
698
449
216
662
287
2097
399
963
720
414
21470
5726
2863
1372
1670
1334
2188
999
3164
11452
1027
708
430
184
433
495
285
644
421
215
415
293
1062
1036
179
201
3144
426
1426
1075
643
32120
8696
4218
2122
2386
3332
4348
1452
4836
3249
17392
1524
1786
8436
4214
398
405
490
564
234
543
1113
1505
1341
3161
3101
777
1427
1021
32950
8774
4387
2052
1880
2746
3339
4278
1320
5002
17548
1539
860
1946
510
301
183
