1954
1370
1662
2008
2005
1189
1731
1986
848
1923
1512
701
1386
1924
1583
1958
1956
1476
1384
1992
1807
1979
1758
1554
1690
1408
689
1893
1549
1610
1779
1455
1378
745
851
1835
1586
1461
1644
1751
1627
1726
1853
1996
1947
1752
1528
1507
1694
1717
905
1401
698
1741
1671
1740
1582
1211
128
1197
1448
1908
1763
1474
1702
1716
1388
1526
1544
1472
1638
1558
893
1450
1692
1789
1533
1988
1854
1822
1935
1739
1657
702
1592
1766
1542
1687
1527
1579
1838
1192
1397
1886
1372
867
1784
1492
1813
1888
1658
1183
1698
1430
1855
1673
1933
691
1379
633
1703
1754
1473
889
1503
630
1905
1815
1857
1453
1490
1713
1869
1648
1441
906
1720
913
1425
1995
1513
1679
3
1783
1848
1411
1681
1413
1870
700
1368
1362
1689
1596
1982
594
1443
1496
1412
892
1654
1468
1623
1833
642
1376
850
1649
1957
1565
1989
1846
1738
1666
1146
1575
1417
1778
1612
1829
1839
1457
1486
1491
409
457
1454
1497
1729
1737
1672
1621
1194
1216
1419
1948
852
1400
1866
1519
1398
1505
249
1424
1808
744
1366
1976
1799
1477
1952
1898
2010
1618
1894
1895
1966
1682
1747
1882
1426
1578
1494
1385
1619
1631
1880
1863
1392
1380
1599
1926
1562
88
1775
1460
1903
1736
1511
1915
1535
1520
1845
1600
1213
2002
847
1405
1973
1744
1803
1669
1824
1467
1199
634
1377
1420
1369
1922
1997
1680
1730
1395
1887
1667
1788
1499
1569
1910
1991
1650
1796
1663
1949
1753
1539
746
1797
697
1205
1367
1382
1715
1876
1487
1482
1907
2007
1418
1518
1978
1509
1415
1536
2000
1603
908
1561
1446
1868
1781
1925
1410
1760
2003
1510
1773
1901
1452
1806
1714
1642
1210
1567
1693
1475
1710
1707
1630
1913
1590
1820
1641
1537
1677
1804
1818
1743
1604
1805
1875
1414
1434
1440
1961
1734
1456
1980
1828
1436
1704
1090
1501
1568
1701
1801
1652
1506
1444
513
1585
375
1765
1819
1944
1879
1817
1185
1589
888
1432
1983
1577
1856
1488
1823
1438
1493
1555
1188
1373
1580
1899
1566
1891
647
1691
64
1200
1927
1508
1814
1634
1588
686
1187
1971
1709
1484
1626
1608
1628
1809
1972
1984
1201
1873
1550
1733
1389
1639
872
1471
1735
1646
1609
1802
1722
1431
1719
1883
1607
1182
856
1364
2006
1697
1942
703
1727
1563
1447
1635
1495
1847
914
1787
1774
1840
8
1931
1478
1900
1770
1768
1595
1521
1435
1678
1852
1994
1489
1757
1062
1695
1700
1990
1865
1421
1938
869
1871
871
1470
1790
1463
1916
1375
1711
1867
1551
1553
1812
1534
613
1748
1605
1560
1889
1547
1559
1862
1974
1208
1951
1906
1759
1624
1629
1530
1613
2009
1360
1930
1872
1655
1668
1793
1532
1632
1993
1643
1936
1699
2001
1825
1617
1943
1955
1826
1403
1904
1522
1545
1776
1531
1858
1381
909
1969
1656
1209
1615
1934
1481
1946
1186
1660
1834
1816
1525
1928
1365
1985
1706
1407
1987
1602
1732
1479
1940
1963
1708
1860
1625
1404
1573
1837
1429
1919
1725
1728
1409
1465
619
1977
1755
1850
1686
1399
692
903
1683
1998
1394
912
1685
1433
887
1391
1653
1396
1914
1874
1965
1469
1462
1832
1937
1458
1449
1423
1215
1214
1921
699
1402
1529
1941
1593
1842
1999
1968
635
1777
1749
1780
1374
1821
1601
1540
1877
1196
1959
1393
1387
321
1659
1633
1427
1684
1676
1688
1827
1981
1640
1696
1861
1516
1945
1785
1616
1918
1523
1437
1811
1896
1202
1572
1742
1665
1647
868
1705
1864
1584
1614
688
1791
2004
1964
1764
1841
661
1970
1836
1546
1581
1810
1442
1191
704
849
1767
337
168
1515
1212
1756
1485
1745
1570
1543
1786
1920
1772
907
1206
1911
1750
1724
891
554
690
1960
870
1500
1718
890
1636
1564
1723
4
1622
1851
873
1548
1576
1587
320
618
1611
1620
1203
858
1912
1885
1830
1909
1504
1674
1884
644
1502
1422
1800
1416
1637
1975
1361
1831
1383
1445
1552
1670
1950
1363
1371
1843
1480
904
620
1571
1406
1892
1439
1557
170
627
1664
1459
1939
1466
886
1645
1771
1967
1953
1761
376
1556
1390
1606
1517
1844
1538
1498
637
1020
1451
1792
1514
209
1661
5
1890
1574
1541
1712
1878
1591
1721
1524
1193
1675
1594
1598
1795
885
1794
1929
1932
687
853
1651
1464
1782
1897
1195
1859
1597
