0.0000
5.8435
874.6920
534.4920
742.8934
246.7308
89.8804
78.8100
20.0688
38.9536
59.9326
67.7026
67.7618
129.8626
299.6926
14.9776
1716.5304
39.9526
89.9026
20.9940
32.4935
998.7040
1009.7300
1670.3928
1652.3928
32.9596
45.8208
88.9998
15.9185
41.2750
45.4935
2.9940
72.0000
4.7700
32.9940
35.0935
269.4266
195.3970
184.8446
29.9626
45.9466
554.0328
406.7928
388.7928
249.5428
1759.2120
806.7528
440.1742
1224.7128
28.9636
189.8026
1.3740
34.1066
1059.3100
31.2437
963.0091
38.9935
20.1865
5.6187
1475.3507
41.6553
174.6585
258.0824
48.7435
58.4935
24.6935
7.9500
3.9900
32.6000
2294.9900
2.2900
34.9900
24.4900
4.9900
24.9900
54.9900
8.9900
53.9900
29.9900
63.5000
9.9900
49.9900
69.9900
28.9900
21.9800
1700.9900
742.3500
2443.3500
539.9900
2319.9900
1214.8500
1120.4900
2384.0700
120.0000
35.0000
769.4900
21.4900
159.0000
564.9900
49.6440
44.3205
28.6965
5.5860
42.5145
15.7395
6.1845
29.5785
36.0990
48.5835
32.2455
36.5610
46.4205
49.6965
45.4230
41.9160
50.2635
43.4805
41.3805
45.6540
39.2805
43.5540
16.0860
57.0255
37.0860
26.5965
46.0635
47.5440
43.2705
41.1705
47.4705
42.7980
25.4205
41.2230
45.4965
39.1230
62.9895
45.3705
40.4880
26.3655
48.7620
34.1880
10.7310
14.1225
57.1515
53.2035
40.9395
21.0945
9.1980
5.7750
1.1550
23.3940
27.6465
1.3650
3.4860
6.1950
1.4700
22.1655
29.2845
19.9815
41.2440
36.9705
31.4895
48.2895
43.3440
39.0705
11.6655
11.0880
8.7570
9.6915
6.8775
7.8015
5.8065
8.8620
10.4685
23.0790
29.2740
34.9755
30.4395
2.3205
3.6435
3.6015
3.9795
12.9675
47.5230
43.3230
47.6805
23.4045
27.8670
6.7515
50.7465
62.9265
49.6545
10.3845
47.7540
37.1805
41.4540
12.7155
19.9395
38.1570
44.2155
6.9825
45.5805
49.8540
3.3810
4.3155
45.4440
12.3585
39.1965
34.8705
39.7635
43.9845
38.1465
45.4755
43.3755
47.6490
41.2755
34.3455
39.2385
32.7705
10.8150
82.8345
0.2100
6.5310
43.4595
37.6215
47.5965
27.0585
33.5790
43.3965
37.0230
41.2965
63.6930
48.9090
39.1440
15.8865
36.2775
58.2645
45.5490
43.0395
47.5755
43.2180
47.4915
49.7490
563.7528
15.3063
226.8571
80.9089
400.1583
720.3150
83.2981
15.0000
1570.7250
