2
1
3
4
7
6
12
5
22
220
44
10
24
14
30
88
8
16
11
19
18
9
17
13
21
23
20
15
28
25
32
26
170
34
68
180
36
72
42
27
95
40
29
67
62
98
70
144
87
65
52
43
80
60
41
76
114
33
51
47
86
66
61
31
54
37
115
38
91
77
149
45
56
108
112
101
92
55
90
106
58
99
140
53
107
57
93
84
85
568
558
242
609
200
699
303
593
1375
1804
1595
168
208
148
143
218
3772
896
1776
1203
793
39270
11884
5942
2712
2270
3334
4158
1620
5928
23768
2343
1174
2425
550
240
48
96
210
160
64
1250
150
230
46
310
124
190
130
120
49
39
89
35
69
319
342
239
451
135
247
710
1163
697
126
94
151
2183
450
1000
738
445
22440
5816
2908
1496
1688
1422
2303
1116
3250
11632
1002
758
1148
250
50
100
81
71
133
104
105
134
491
498
281
622
245
457
212
438
59
1115
1691
1107
165
116
78
187
123
63
164
3244
650
1508
1053
683
33040
9014
4507
2156
2352
2242
3375
1545
4944
18028
1657
1014
1836
260
270
280
340
136
320
128
290
74
110
75
82
97
113
132
481
500
254
559
171
590
227
548
1195
1587
1365
153
207
127
181
3330
775
1560
1051
719
34620
8984
4492
2200
2036
2800
3518
1470
5190
17968
1673
950
1869
400
360
350
440
176
300
410
380
152
420
330
252
169
223
102
225
541
925
79
327
794
338
17150
4162
2081
1038
1324
1100
1731
792
2590
8324
726
566
789
370
73
443
261
554
226
311
163
353
798
1510
827
83
162
2661
516
1188
894
579
27010
6672
3336
1738
2082
1654
2737
1222
4100
13344
1120
821
1395
322
403
446
161
545
479
988
1337
1249
118
2804
704
1254
910
640
28460
6828
3414
1600
1660
2498
2879
1090
4518
13656
1296
714
1404
390
156
295
324
461
263
279
698
662
2097
399
963
720
414
21470
5726
2863
1372
1670
1334
2188
1030
3164
11452
1027
729
430
172
184
137
433
495
293
644
217
421
215
426
1062
179
201
3144
641
1426
1075
643
32120
8696
4348
2122
2386
3332
1452
4836
17392
1524
1786
122
109
405
255
490
564
234
543
1113
1505
1341
3161
777
1427
1021
713
32950
8774
4387
2052
1880
2746
3339
1320
5002
17548
1581
860
1946
510
204
236
460
470
188
