12.0278
13.8782
13.0863
3.3963
5.7052
5.2297
6.9223
31.7244
29.0807
38.4923
747.9682
722.2568
868.6342
176.1997
170.1428
204.6251
181.4857
187.1571
352.1394
623.8403
660.9142
747.2002
706.8110
617.0281
653.6971
739.0410
699.0928
2171.2942
884.7083
413.1463
486.7066
1912.1544
1898.0944
1117.8559
1265.6195
1105.8100
1251.9813
598.4354
1518.7864
1320.6838
1554.9479
605.6492
713.0798
65.8097
77.9176
101.8936
15.1848
45.4168
55.3801
17.9780
19.7758
24.9932
27.4925
48.5453
53.3999
185.8193
26.9708
92.8071
133.2955
37.9909
110.2829
146.5466
96.7964
300.1188
360.9428
38.9588
104.7951
145.2835
49.9789
122.2709
158.5346
108.7844
24.7459
51.5625
10.3125
8.2459
10.3084
5.7709
14.4334
18.5584
30.9334
37.1209
9.7136
9.1593
15.6709
23.7490
26.1763
1.8663
3.7363
3.3623
0.8565
44.8800
2.9733
8.2205
59.4660
20.5663
41.5723
601.7437
199.8519
53.9282
199.3757
47.2860
12.0413
17.3782
23.3722
144.5938
1.4923
136.7850
9.3463
11.2163
13.0900
8.0373
12.1924
10.8423
17.9776
27.5680
35.9596
40.6216
20.4640
40.6571
113.8816
179.8156
8.9866
755.1508
1481.9379
461.4448
1082.5100
343.6496
419.7784
308.2179
294.5797
23.9716
44.9506
53.9416
