50.2600
45.1200
45.5805
16.0860
57.0255
37.0860
26.5965
27.0585
33.5790
46.0635
47.4705
45.3705
49.6440
43.2705
6.1750
20.1865
5.6187
31.2437
2447.9928
2429.9928
1049.7528
503.3507
1009.7300
891.2004
881.4687
998.7040
220.2496
226.8571
440.1742
2576.3544
3578.2700
3399.9900
699.0982
3374.9900
0.0000
934.9603
47.5230
45.4230
49.6965
43.3230
42.7980
25.4205
41.2230
45.4965
39.1230
62.9895
40.4880
26.3655
48.7620
34.1880
50.2635
10.7310
14.1225
57.1515
53.2035
63.6930
48.9090
21.0945
30.4395
40.9395
9.1980
5.7750
1.1550
23.3940
27.6465
1.3650
3.4860
6.1950
1.4700
22.1655
29.2845
19.9815
41.1705
39.0705
43.3440
36.9705
41.2440
31.4895
48.2895
15.8865
11.6655
11.0880
23.0790
29.2740
2.3205
3.6435
3.6015
3.9795
12.9675
47.6805
23.4045
27.8670
6.7515
36.2775
50.7465
58.2645
62.9265
49.6545
10.3845
49.8540
12.7155
19.9395
38.1570
44.2155
6.9825
47.5440
3.3810
4.3155
45.4440
12.3585
39.1965
34.8705
39.7635
47.5755
45.4755
34.3455
39.2385
32.7705
43.0395
10.8150
82.8345
0.2100
44.3205
28.6965
5.5860
42.5145
15.7395
43.4595
37.6215
29.5785
36.0990
48.5835
32.2455
36.5610
46.4205
41.9160
43.4805
47.7540
47.5965
43.3965
37.0230
39.1440
43.2180
47.4915
8.7570
9.6915
34.9755
41.3805
45.6540
39.2805
43.5540
37.1805
41.4540
43.9845
38.1465
49.7490
43.3755
6.5310
6.1845
41.2965
917.9363
907.9127
1491.4221
1475.3507
777.5928
29.9633
41.6553
80.9089
44.9513
154.6785
64.9313
174.6585
242.1391
11.9940
38.9935
48.7435
58.4935
15.3063
24.6935
963.0091
249.5428
563.7528
244.2444
83.2981
400.1583
1759.2120
1570.7250
720.3150
183.8049
203.7849
264.2244
109.6828
169.8226
25.3080
75.6946
92.3002
222.1591
258.0824
15.0000
1000.4375
2181.5625
782.9900
2049.0982
2071.4196
2443.3500
6.8775
7.8015
5.8065
8.8620
47.6490
10.4685
41.2755
45.5490
20.9940
5.8435
32.4935
1670.3928
1652.3928
32.9596
45.8208
88.9998
15.9185
41.2750
45.4935
2.9940
72.0000
4.7700
32.9940
35.0935
269.4266
20.0688
195.3970
184.8446
29.9626
45.9466
59.9326
554.0328
406.7928
388.7928
67.7026
78.8100
14.9776
1716.5304
874.6920
742.8934
89.8804
38.9536
67.7618
129.8626
299.6926
534.4920
89.9026
1224.7128
28.9636
1.3740
189.8026
1059.3100
806.7528
39.9526
246.7308
34.1066
8.9900
34.9900
1214.8500
2319.9900
4.9900
9.9900
159.0000
3.9900
32.6000
49.9900
1700.9900
35.0000
28.9900
742.3500
2384.0700
21.4900
539.9900
24.4900
24.9900
2294.9900
21.9800
29.9900
769.4900
1120.4900
53.9900
564.9900
2.2900
54.9900
63.5000
7.9500
120.0000
69.9900
