1
361
1191
1485
2000
1640
2002
2992
1193
2300
2711
2301
2712
2880
3218
362
784
1643
2302
2713
3219
2303
2716
3221
6
366
661
787
1644
2995
3222
153
367
368
776
788
1371
1373
1375
1377
1379
1381
1383
1385
1386
1387
1388
1390
1392
1394
1396
1397
1398
1399
1400
1403
1406
1409
1412
1415
1418
1420
1422
1424
1426
1428
1430
1431
1432
1433
1434
1435
1436
1437
1438
1439
1441
1443
1445
1449
1450
1451
1452
1453
1454
1456
1458
1460
1462
1464
1466
1468
1470
1472
1474
1475
1476
1477
1478
1479
1480
1481
1580
1584
1588
1592
1596
1600
1602
1603
1611
1615
1616
1628
1630
1637
1638
2003
2304
2305
2872
2875
2878
2996
9
789
1021
1022
1023
1189
1199
1200
1645
1839
1840
1841
1842
1843
1844
1845
1846
1847
1848
1849
1850
1851
1852
1853
1854
1855
1856
1857
1858
1859
1860
1861
1862
1863
1864
1865
1866
1867
1868
1869
1870
1871
1872
1873
1874
1875
1876
1877
1878
1879
1880
1881
1883
1884
1885
1886
1887
1888
1889
1890
1891
1892
1893
1894
1895
1896
1897
1898
1899
1900
1901
1902
1903
1904
1905
1999
2719
2720
3410
370
371
664
790
1906
1907
1908
1909
1998
2005
2306
2307
2998
3411
3412
3413
3414
3415
3416
3417
3418
3419
3420
3421
3422
3423
3424
3425
3426
3427
3428
3429
3430
3431
3432
3433
3434
3435
3436
3437
3438
3439
3440
3441
3442
3443
3444
3445
3446
3447
3448
3449
3450
3451
3452
3453
3455
3456
3457
3458
3459
3460
3461
3462
3463
3464
3465
3466
3467
3468
3469
3470
3471
3472
3473
3474
3475
3476
3477
3482
10
11
262
1201
1202
1489
1646
2006
2192
2499
2500
2501
2502
2503
2504
2505
2506
2507
2508
2509
2510
2511
2512
2513
2514
2515
2516
2517
2518
2519
2520
2521
2522
2523
2524
2525
2526
2527
2528
2529
2530
2531
2532
2533
2534
2535
2536
2537
2538
2539
2540
2541
2543
2544
2545
2546
2547
2548
2549
2550
2551
2552
2553
2554
2555
2556
2557
2558
2559
2560
2561
2562
2563
2564
2565
2656
2660
2667
2670
2674
2675
2676
2682
2683
2688
2689
2700
2701
2706
2709
3224
3478
3479
3480
3481
12
372
791
1647
2999
3225
1203
2308
17
376
1206
1649
3002
3228
1204
1491
2311
2722
16
2723
2317
19
379
797
1652
3003
1210
2318
2726
2893
149
551
758
1365
1833
2494
2865
3143
3405
22
381
2017
2184
2185
2186
2322
2323
3147
3148
3149
3150
3151
3152
3153
3154
3155
3156
3157
3158
3159
3160
3161
3162
3163
3164
3165
3166
3167
3168
3169
3170
3171
3172
3173
3174
3175
3176
3177
3178
3179
3180
3181
3182
3183
3184
3185
3186
3187
3188
3189
3190
3192
3193
3194
3195
3196
3197
3198
3199
3200
3201
3202
3203
3204
3205
3206
3207
3208
3209
3210
3211
3212
3213
3214
3215
3235
3236
1653
2014
3004
3232
20
380
798
1211
1654
2015
2200
2319
2727
3005
3233
23
382
1215
24
268
383
1216
1657
2324
2732
3237
1288
100
491
1289
2432
2806
3337
875
1769
1956
3338
492
1290
2433
876
2094
25
384
801
1217
1658
2018
2202
2325
2733
3010
3238
26
385
1218
2326
1370
1380
1382
1384
1389
1391
1393
1395
1402
1405
1408
1411
1414
1417
1440
1442
1444
1446
1577
1593
1617
1659
2019
2871
2874
2877
3011
588
590
592
594
596
598
601
604
607
610
613
628
630
632
634
636
766
767
768
770
771
777
27
155
157
159
161
166
168
170
181
184
187
190
802
2020
2203
994
996
998
1000
1002
1009
1011
1013
1015
1178
1186
2021
2171
2172
2173
2174
2175
2176
2177
2178
2179
2180
2181
2182
2183
2292
2296
2299
28
386
803
1032
1219
1660
2022
2327
3012
3239
389
805
119
120
521
522
913
1333
1334
1804
2134
2465
2466
2648
2840
3118
3373
1805
2135
2841
3374
523
1335
914
2136
2278
3119
3375
1336
2467
121
915
128
132
138
2150
2152
2154
2157
2158
2478
2480
2482
2484
2649
2650
3383
3389
925
927
2851
2854
532
533
535
537
2151
2153
2155
2479
2481
2483
2485
3128
3129
3131
534
538
540
542
1350
1352
1353
1355
1356
1570
1571
1572
1573
1821
1822
1824
1826
1827
3132
3133
129
130
133
135
139
1351
1354
1820
1823
1825
3384
3386
3390
3395
131
136
926
928
930
931
933
1116
1119
2852
2853
2855
2857
2980
2983
2989
3387
3392
134
536
539
541
3130
3134
3385
3391
3394
3397
137
343
3388
3393
3396
929
932
934
2156
2159
2160
2486
2856
543
935
1828
2162
2487
2860
3398
142
143
349
544
545
936
937
1359
1829
2163
2164
2283
2488
2861
3137
3399
144
546
938
1360
2165
2489
2862
3138
3400
145
547
939
1361
1574
2490
2863
3139
3401
146
548
940
1124
1362
1830
2491
2864
3140
3402
1831
3141
3403
549
550
557
558
559
560
561
563
565
567
569
571
573
574
575
576
577
578
579
580
581
582
583
584
585
586
587
589
591
593
595
597
599
602
605
608
611
614
616
618
620
622
623
624
625
626
629
631
633
635
637
638
639
640
641
642
643
644
645
646
647
648
649
650
651
652
653
654
655
778
941
2166
2492
2493
2566
2567
2568
2653
3142
147
148
656
657
658
944
945
946
947
948
949
950
951
952
953
954
955
956
957
958
959
960
961
962
963
964
965
966
967
968
969
970
971
972
973
974
975
976
977
978
979
980
981
982
983
984
985
986
987
989
990
991
992
993
995
997
999
1001
1003
1004
1005
1006
1007
1008
1010
1012
1014
1016
1017
1018
1019
1020
1129
1137
1145
1151
1152
1160
1165
1167
1179
1181
1187
1188
1190
1363
1364
1832
2167
3404
152
154
156
158
160
162
163
164
165
167
169
171
173
175
177
179
182
185
188
191
192
193
194
195
196
197
198
199
200
201
202
203
204
205
206
207
208
209
210
211
212
214
216
218
220
224
226
228
230
232
233
234
235
236
237
238
239
240
241
242
244
246
248
250
252
254
256
258
779
1368
1482
1483
1484
1837
1838
2498
3408
3409
554
3111
3333
3335
1793
817
1041
2036
1710
2059
1739
3067
3334
2437
2811
1306
509
740
1230
432
82
2438
1307
510
2750
2379
698
1273
3347
2818
1229
2348
431
689
1250
81
464
816
1676
3045
3315
2058
1675
2347
1249
463
3044
795
2314
1650
3229
893
34
271
830
2074
1761
1950
3088
3351
3246
2760
2395
3087
3350
2822
3245
2759
2394
3341
2815
2449
2738
2899
2363
1265
1195
3017
3281
2783
5
2737
2362
1264
1642
393
52
3217
808
2049
4
2736
2361
1263
3247
2761
2396
3089
2739
2364
1266
482
783
1024
2333
1240
450
92
1369
1372
1374
1376
1378
1401
1404
1407
1410
1413
1416
1419
1421
1423
1425
1427
1429
1455
1457
1459
1461
1463
1465
1467
1469
1471
1473
1648
2870
2873
2876
3227
377
562
564
566
568
570
572
600
603
606
609
612
615
617
619
621
793
1207
18
172
174
176
178
180
183
186
189
213
215
217
219
223
225
227
229
231
243
245
247
249
251
253
255
257
360
2012
106
112
504
512
822
843
861
873
885
1213
1683
1717
1746
1768
2730
2755
2776
2796
2923
3028
3051
3083
3272
3296
3320
66
87
99
299
409
410
439
440
471
677
701
823
844
862
874
1044
1235
1256
1277
1297
1298
1299
1310
1311
1322
1656
1684
1685
1686
1718
1719
1720
1747
1748
1749
1916
1925
1945
2016
2040
2041
2042
2064
2065
2066
2082
2083
2084
2093
2321
2353
2385
2440
2447
2453
2731
3008
3009
3358
21
411
441
472
490
890
1091
1214
1496
1687
1721
1750
1937
2114
2386
2416
2431
2593
2777
2797
2805
3108
3273
3297
3321
406
435
467
488
799
820
841
859
872
1043
2728
2753
2774
2795
3006
43
63
84
3234
800
821
842
860
1212
1233
1254
1495
1655
1681
1715
1744
1936
2729
2754
2775
2905
1296
1309
1321
1682
1716
1745
2038
2062
2080
2103
2352
2384
2415
2439
2446
2452
407
436
468
496
502
2039
2063
2081
2092
2210
2320
3007
3026
3048
3070
44
64
85
97
105
3027
3049
3071
3081
3271
3295
3319
3363
2724
42
62
83
1678
1711
1740
1766
2013
2315
3230
3269
3293
3317
3336
404
433
796
818
839
1651
2725
3024
3046
3068
378
2316
2350
2381
2412
3270
3294
3318
819
840
858
884
889
896
2102
2112
2118
2243
2351
2382
2413
2601
2751
2772
2793
2812
1209
1231
1252
1275
1505
1679
1712
1741
1776
1785
2752
2773
2794
2804
3231
405
434
466
511
1232
1253
1276
1286
1511
3025
3047
3069
3080
3093
1295
1308
1320
1680
1713
1714
1742
1743
1767
1935
2037
2060
2061
2079
2090
2091
2113
2383
2414
2430
2444
2445
2451
2633
3259
122
123
125
126
336
337
1337
1342
1806
1810
1816
3376
3378
3379
3381
3382
524
525
527
529
916
919
2843
3120
3121
3123
124
127
2137
2141
2468
2470
3377
3380
917
920
921
923
924
1105
1107
1109
1111
2138
2142
2146
2149
2471
2475
2844
2845
2847
2849
2850
918
922
1338
1340
1343
1348
1807
1808
1811
1814
1818
2842
2846
2848
526
528
530
531
746
748
752
1341
1346
1809
1815
3122
3124
3125
3126
3127
1339
1344
1345
1347
1349
1812
1813
1817
1819
2139
2140
2143
2144
2145
2147
2148
2280
2469
2472
2473
2474
2476
2477
2034
1708
3065
3258
3260
2349
3261
1251
3262
465
3263
2035
1709
3066
3099
3106
3292
2792
2429
2380
2591
3264
1274
2411
487
1285
2819
3265
113
114
115
116
117
118
514
515
516
517
518
519
520
898
899
900
901
902
903
904
905
906
907
908
909
910
911
912
1325
1326
1327
1328
1329
1330
1331
1332
1550
1553
1796
1797
1798
1799
1800
1801
1802
1803
2120
2121
2122
2123
2124
2125
2126
2127
2128
2129
2130
2131
2132
2133
2266
2269
2455
2456
2457
2458
2459
2460
2461
2462
2463
2464
2825
2826
2827
2828
2829
2830
2831
2832
2833
2834
2835
2836
2837
2838
2839
2958
2961
3112
3113
3114
3115
3116
3117
3365
3366
3367
3368
3369
3370
3371
3372
2600
3266
2428
3267
3362
1677
3268
3316
2101
3023
2749
2216
2378
1272
30
31
47
48
69
70
90
101
390
415
416
446
447
477
478
498
499
500
506
507
513
703
847
865
877
878
891
892
897
1068
1221
1237
1238
1259
1260
1279
1292
1293
1301
1314
1324
1513
1662
1663
1664
1690
1691
1692
1693
1694
1725
1726
1727
1728
1729
1754
1755
1756
1757
1758
1777
1947
2023
2045
2069
2087
2095
2105
2115
2119
2356
2389
2390
2418
2419
2435
2757
2779
2780
2799
2808
2820
2914
2931
3031
3032
3033
3054
3055
3056
3075
3076
3077
3086
3110
3241
3242
3276
3277
3300
3301
3323
3324
3135
2858
1357
140
348
2161
3136
2859
1358
141
3257
2771
2410
1284
151
556
943
1367
1576
1835
2169
1836
2170
2497
2868
3146
3407
555
2869
2346
1248
462
96
2495
3144
552
2866
942
1366
150
351
1834
2168
3406
2496
3145
553
2867
387
412
442
473
824
845
863
1045
2328
2756
2778
2798
2807
3013
3084
45
67
88
1220
1661
2354
2387
3240
3274
3298
388
804
825
846
864
1688
1722
1751
1300
1312
1323
1689
1723
1752
2043
2067
2085
2104
2223
2355
2388
2417
2441
2448
2454
2594
29
413
443
474
497
505
2044
2068
2086
2329
2434
3029
3052
3073
46
68
89
107
291
493
3030
3053
3074
3275
3299
3322
3339
3364
414
444
445
475
476
693
1236
1257
1258
1278
1291
1313
1528
1724
1753
1770
1771
1787
1788
1795
3085
3095
3101
3109
1208
794
1493
2313
41
60
61
80
94
95
109
288
374
375
402
403
429
430
460
461
486
686
792
815
837
838
856
857
871
1053
1205
1226
1227
1228
1245
1246
1247
1269
1270
1271
1319
1673
1674
1706
1707
1737
1738
1765
1773
1774
1775
1783
1784
1792
2009
2010
2011
2032
2033
2056
2057
2078
2100
2111
2117
2195
2312
2341
2342
2343
2344
2345
2373
2374
2375
2376
2377
2405
2406
2407
2408
2409
2426
2427
2436
2579
2748
2770
2791
2803
2810
2817
2824
2943
2953
3000
3001
3021
3022
3042
3043
3064
3291
3314
3332
3355
3356
3361
408
437
469
676
1234
1255
1287
1786
1794
3094
3107
65
86
98
438
470
489
503
692
3050
3072
3082
3100
3357
13
14
15
38
39
40
57
58
59
77
78
79
111
273
279
373
397
398
399
400
401
424
425
426
427
428
455
456
457
458
459
484
485
495
696
697
813
814
835
836
854
855
870
1225
1244
1268
1283
1294
1305
1318
1672
1704
1705
1735
1736
1764
1941
2007
2008
2031
2054
2055
2077
2088
2089
2110
2193
2309
2310
2372
2404
2425
2442
2443
2450
2609
2630
2641
2721
2746
2747
2768
2769
2790
2901
2908
3019
3020
3040
3041
3063
3092
3098
3105
3226
3255
3256
3289
3290
3312
3313
3331
3344
3345
3346
3353
3354
3360
7
37
55
75
395
422
453
1197
1224
1243
1282
1782
1791
2336
2367
2399
2424
3091
3104
3253
3287
3310
3329
3343
369
501
727
812
833
883
888
895
1080
1198
1669
1670
1701
1702
1733
2030
2053
2076
2097
2098
2099
2108
2109
2116
2337
2338
2339
2368
2369
2370
2400
2401
2402
2598
2717
2718
2743
2744
2745
2765
2766
2767
2787
2788
2789
2802
2900
2907
2997
3039
3062
3079
3223
3254
3288
3311
3330
8
56
76
93
396
423
454
834
853
869
1317
1671
1703
1734
1763
1932
2004
2340
2371
2403
2816
3352
35
36
53
54
74
104
108
110
285
363
364
365
394
420
421
451
452
483
785
786
810
811
831
832
851
852
868
880
881
882
886
887
894
1037
1079
1196
1223
1241
1242
1267
1280
1281
1304
1700
1732
1762
1780
1781
1790
2028
2029
2051
2052
2075
2334
2335
2365
2366
2397
2398
2423
2714
2715
2740
2741
2742
2762
2763
2764
2784
2785
2786
2823
2881
2918
2994
3018
3038
3061
3078
3090
3097
3103
3220
3248
3249
3250
3251
3252
3282
3283
3284
3285
3286
3305
3306
3307
3308
3309
3327
3328
3342
1303
1699
3060
3326
2107
2800
1778
3102
2027
1698
3059
879
1789
3037
3304
2801
1779
419
73
867
1071
2993
33
829
2073
103
1668
3036
1641
392
51
850
1194
3016
3280
2782
2422
3
2735
2360
1262
481
32
49
71
102
391
417
448
479
494
508
712
780
806
826
848
1047
1192
1302
1315
1665
1695
1759
1928
2024
2046
2070
2330
2357
2391
2420
2710
2809
2813
2821
2991
3014
3034
3057
3243
3244
3278
3279
3302
3303
3325
3340
3348
3359
2
418
449
480
681
781
807
827
1666
1696
2001
2025
2047
2071
2096
2106
2238
2331
2358
2392
2587
2734
2758
2781
3096
3216
50
72
91
782
828
849
866
1059
1222
1239
1261
1316
1639
1667
1697
1730
1760
1772
1910
2026
2048
2072
2206
2332
2359
2393
2421
2814
3015
3035
3058
3349
809
2050
1731
1938
