50.2635
41.9160
57.0255
29.5785
27.0585
36.0990
33.5790
46.4205
48.5835
46.0635
49.6440
47.4705
45.3705
44.3205
42.7980
40.4880
28.6965
25.4205
26.3655
0.2100
10.8150
41.1705
47.5755
39.0705
45.4755
43.3440
49.7490
36.9705
43.3755
43.2705
41.2440
47.6490
47.5440
34.8705
41.2755
39.1440
45.5490
45.4440
5.7750
6.1950
1.1550
1.4700
1.3650
3.6015
3.3810
3.9795
4.3155
6.9825
47.6805
47.5230
45.5805
45.4230
49.8540
49.6965
43.4805
43.3230
47.7540
47.5965
41.3805
41.2230
45.6540
45.4965
39.2805
39.1230
43.5540
43.3965
37.1805
37.0230
41.4540
41.2965
43.2180
47.4915
15.8865
11.6655
11.0880
8.7570
9.6915
6.8775
7.8015
5.8065
8.8620
10.4685
12.7155
12.3585
19.9815
19.9395
50.7465
58.2645
57.1515
53.2035
62.9265
63.6930
49.6545
48.9090
34.1880
48.7620
44.2155
9.1980
23.3940
22.1655
27.6465
29.2845
36.2775
23.4045
23.0790
27.8670
29.2740
34.9755
37.0860
26.5965
39.1965
10.7310
10.3845
14.1225
12.9675
2.3205
3.6435
6.7515
38.1570
16.0860
3.4860
13.0863
3.4000
13.0800
6.9200
38.4900
38.7500
24.7500
51.5600
10.3100
8.2500
10.3000
5.7700
4.4300
18.5600
30.9400
37.1000
9.1500
15.6700
23.7500
26.1800
1.8700
3.7400
3.3600
0.8600
2.3600
33.8800
2.9700
8.2200
59.4600
20.5600
41.5700
82.8345
21.0945
30.4395
40.9395
5.5860
6.5310
6.1845
32.2455
32.7705
36.5610
42.5145
43.0395
34.3455
39.2385
39.7635
43.4595
43.9845
37.6215
38.1465
31.4895
48.2895
62.9895
15.7395
