9
88
167
246
325
404
434
513
596
683
766
849
932
1031
1095
1174
1253
1332
1411
1490
1569
1648
1727
1806
1885
1964
2043
2122
2201
2280
2359
2438
2517
2596
2675
2754
2833
2912
2991
3070
3149
3228
3307
3386
3465
3544
3623
3702
3781
3860
3939
3
82
161
240
319
398
428
507
590
677
760
843
926
1025
1089
1168
1247
1326
1405
1484
1563
1642
1721
1800
1879
1958
2037
2116
2195
2274
2353
2432
2511
2590
2669
2748
2827
2906
2985
3064
3143
3222
3301
3380
3459
3538
3617
3696
3775
3854
3933
2
81
160
239
318
397
427
506
589
676
759
842
925
1012
1088
1167
1246
1325
1404
1483
1562
1641
1720
1799
1878
1957
2036
2115
2194
2273
2352
2431
2510
2589
2668
2747
2826
2905
2984
3063
3142
3221
3300
3379
3458
3537
3616
3695
3774
3853
3932
72
151
230
309
388
418
497
580
667
746
829
916
1003
1063
1158
1237
1316
1395
1474
1553
1632
1711
1790
1869
1948
2027
2106
2185
2264
2343
2422
2501
2580
2659
2738
2817
2896
2975
3054
3133
3212
3291
3370
3449
3528
3607
3686
3765
3844
3923
55
134
213
292
371
480
563
650
729
812
895
986
1014
1141
1220
1299
1378
1457
1536
1615
1694
1773
1852
1931
2010
2089
2168
2247
2326
2405
2484
2563
2642
2721
2800
2879
2958
3037
3116
3195
3274
3353
3432
3511
3590
3669
3748
3827
3906
3985
20
99
178
257
336
415
445
524
607
694
777
860
943
1042
1106
1185
1264
1343
1422
1501
1580
1659
1738
1817
1896
1975
2054
2133
2212
2291
2370
2449
2528
2607
2686
2765
2844
2923
3002
3081
3160
3239
3318
3397
3476
3555
3634
3713
3792
3871
3950
38
117
196
275
354
463
546
629
712
795
837
878
961
1068
1124
1203
1282
1361
1440
1519
1598
1677
1756
1835
1914
1993
2072
2151
2230
2309
2388
2467
2546
2625
2704
2783
2862
2941
3020
3099
3178
3257
3336
3415
3494
3573
3652
3731
3810
3889
3968
23
102
181
260
339
448
527
538
614
697
780
863
946
1045
1109
1188
1267
1346
1425
1504
1583
1662
1741
1820
1899
1978
2057
2136
2215
2294
2373
2452
2531
2610
2689
2768
2847
2926
3005
3084
3163
3242
3321
3400
3479
3558
3637
3716
3795
3874
3953
44
123
202
281
360
469
552
635
718
801
884
907
971
1074
1130
1209
1288
1367
1446
1525
1604
1683
1762
1841
1920
1999
2078
2157
2236
2315
2394
2473
2552
2631
2710
2789
2868
2947
3026
3105
3184
3263
3342
3421
3500
3579
3658
3737
3816
3895
3974
71
150
229
308
387
417
496
579
666
745
828
915
1002
1062
1157
1236
1315
1394
1473
1552
1631
1710
1789
1868
1947
2026
2105
2184
2263
2342
2421
2500
2579
2658
2737
2816
2895
2974
3053
3132
3211
3290
3369
3448
3527
3606
3685
3764
3843
3922
37
116
195
274
353
462
545
628
711
756
794
877
960
1067
1123
1202
1281
1360
1439
1518
1597
1676
1755
1834
1913
1992
2071
2150
2229
2308
2387
2466
2545
2624
2703
2782
2861
2940
3019
3098
3177
3256
3335
3414
3493
3572
3651
3730
3809
3888
3967
4006
4001
35
114
193
272
351
460
543
626
709
754
792
875
958
1065
1121
1200
1279
1358
1437
1516
1595
1674
1753
1832
1911
1990
2069
2148
2227
2306
2385
2464
2543
2622
2701
2780
2859
2938
3017
3096
3175
3254
3333
3412
3491
3570
3649
3728
3807
3886
3965
45
124
203
282
361
470
553
636
719
802
885
908
972
1075
1131
1210
1289
1368
1447
1526
1605
1684
1763
1842
1921
2000
2079
2158
2237
2316
2395
2474
2553
2632
2711
2790
2869
2948
3027
3106
3185
3264
3343
3422
3501
3580
3659
3738
3817
3896
3975
22
101
180
259
338
447
526
537
613
696
779
862
945
1044
1108
1187
1266
1345
1424
1503
1582
1661
1740
1819
1898
1977
2056
2135
2214
2293
2372
2451
2530
2609
2688
2767
2846
2925
3004
3083
3162
3241
3320
3399
3478
3557
3636
3715
3794
3873
3952
63
142
221
300
379
488
571
658
737
820
903
994
1022
1149
1228
1307
1386
1465
1544
1623
1702
1781
1860
1939
2018
2097
2176
2255
2334
2413
2492
2571
2650
2729
2808
2887
2966
3045
3124
3203
3282
3361
3440
3519
3598
3677
3756
3835
3914
3993
29
108
187
266
345
454
533
612
620
703
786
869
952
1051
1115
1194
1273
1352
1431
1510
1589
1668
1747
1826
1905
1984
2063
2142
2221
2300
2379
2458
2537
2616
2695
2774
2853
2932
3011
3090
3169
3248
3327
3406
3485
3564
3643
3722
3801
3880
3959
76
155
234
313
392
422
501
584
671
750
833
920
1007
1083
1162
1241
1320
1399
1478
1557
1636
1715
1794
1873
1952
2031
2110
2189
2268
2347
2426
2505
2584
2663
2742
2821
2900
2979
3058
3137
3216
3295
3374
3453
3532
3611
3690
3769
3848
3927
11
90
169
248
327
406
436
515
598
685
768
851
934
1033
1097
1176
1255
1334
1413
1492
1571
1650
1729
1808
1887
1966
2045
2124
2203
2282
2361
2440
2519
2598
2677
2756
2835
2914
2993
3072
3151
3230
3309
3388
3467
3546
3625
3704
3783
3862
3941
40
119
198
277
356
465
548
631
714
797
839
880
963
1070
1126
1205
1284
1363
1442
1521
1600
1679
1758
1837
1916
1995
2074
2153
2232
2311
2390
2469
2548
2627
2706
2785
2864
2943
3022
3101
3180
3259
3338
3417
3496
3575
3654
3733
3812
3891
3970
21
100
179
258
337
416
446
525
608
695
778
861
944
1043
1107
1186
1265
1344
1423
1502
1581
1660
1739
1818
1897
1976
2055
2134
2213
2292
2371
2450
2529
2608
2687
2766
2845
2924
3003
3082
3161
3240
3319
3398
3477
3556
3635
3714
3793
3872
3951
4009
4011
26
105
184
263
342
451
530
609
617
700
783
866
949
1048
1112
1191
1270
1349
1428
1507
1586
1665
1744
1823
1902
1981
2060
2139
2218
2297
2376
2455
2534
2613
2692
2771
2850
2929
3008
3087
3166
3245
3324
3403
3482
3561
3640
3719
3798
3877
3956
78
157
236
315
394
424
503
586
673
752
835
922
1009
1085
1164
1243
1322
1401
1480
1559
1638
1717
1796
1875
1954
2033
2112
2191
2270
2349
2428
2507
2586
2665
2744
2823
2902
2981
3060
3139
3218
3297
3376
3455
3534
3613
3692
3771
3850
3929
77
156
235
314
393
423
502
585
672
751
834
921
1008
1084
1163
1242
1321
1400
1479
1558
1637
1716
1795
1874
1953
2032
2111
2190
2269
2348
2427
2506
2585
2664
2743
2822
2901
2980
3059
3138
3217
3296
3375
3454
3533
3612
3691
3770
3849
3928
17
96
175
254
333
412
442
521
604
691
774
857
940
1039
1103
1182
1261
1340
1419
1498
1577
1656
1735
1814
1893
1972
2051
2130
2209
2288
2367
2446
2525
2604
2683
2762
2841
2920
2999
3078
3157
3236
3315
3394
3473
3552
3631
3710
3789
3868
3947
58
137
216
295
374
483
566
653
732
815
898
989
1017
1144
1223
1302
1381
1460
1539
1618
1697
1776
1855
1934
2013
2092
2171
2250
2329
2408
2487
2566
2645
2724
2803
2882
2961
3040
3119
3198
3277
3356
3435
3514
3593
3672
3751
3830
3909
3988
15
94
173
252
331
410
440
519
602
689
772
855
938
1037
1101
1180
1259
1338
1417
1496
1575
1654
1733
1812
1891
1970
2049
2128
2207
2286
2365
2444
2523
2602
2681
2760
2839
2918
2997
3076
3155
3234
3313
3392
3471
3550
3629
3708
3787
3866
3945
30
109
188
267
346
455
534
621
637
704
787
870
953
1052
1116
1195
1274
1353
1432
1511
1590
1669
1748
1827
1906
1985
2064
2143
2222
2301
2380
2459
2538
2617
2696
2775
2854
2933
3012
3091
3170
3249
3328
3407
3486
3565
3644
3723
3802
3881
3960
36
115
194
273
352
461
544
627
710
755
793
876
959
1066
1122
1201
1280
1359
1438
1517
1596
1675
1754
1833
1912
1991
2070
2149
2228
2307
2386
2465
2544
2623
2702
2781
2860
2939
3018
3097
3176
3255
3334
3413
3492
3571
3650
3729
3808
3887
3966
57
136
215
294
373
482
565
652
731
814
897
988
1016
1143
1222
1301
1380
1459
1538
1617
1696
1775
1854
1933
2012
2091
2170
2249
2328
2407
2486
2565
2644
2723
2802
2881
2960
3039
3118
3197
3276
3355
3434
3513
3592
3671
3750
3829
3908
3987
4002
4010
69
148
227
306
385
494
577
664
743
826
913
1000
1060
1155
1234
1313
1392
1471
1550
1629
1708
1787
1866
1945
2024
2103
2182
2261
2340
2419
2498
2577
2656
2735
2814
2893
2972
3051
3130
3209
3288
3367
3446
3525
3604
3683
3762
3841
3920
3999
75
154
233
312
391
421
500
583
670
749
832
919
1006
1082
1161
1240
1319
1398
1477
1556
1635
1714
1793
1872
1951
2030
2109
2188
2267
2346
2425
2504
2583
2662
2741
2820
2899
2978
3057
3136
3215
3294
3373
3452
3531
3610
3689
3768
3847
3926
1
80
159
238
317
396
426
505
588
675
758
841
924
1011
1087
1166
1245
1324
1403
1482
1561
1640
1719
1798
1877
1956
2035
2114
2193
2272
2351
2430
2509
2588
2667
2746
2825
2904
2983
3062
3141
3220
3299
3378
3457
3536
3615
3694
3773
3852
3931
43
122
201
280
359
468
551
634
717
800
883
906
970
1073
1129
1208
1287
1366
1445
1524
1603
1682
1761
1840
1919
1998
2077
2156
2235
2314
2393
2472
2551
2630
2709
2788
2867
2946
3025
3104
3183
3262
3341
3420
3499
3578
3657
3736
3815
3894
3973
48
127
206
285
364
473
556
643
722
805
888
967
979
1078
1134
1213
1292
1371
1450
1529
1608
1687
1766
1845
1924
2003
2082
2161
2240
2319
2398
2477
2556
2635
2714
2793
2872
2951
3030
3109
3188
3267
3346
3425
3504
3583
3662
3741
3820
3899
3978
54
133
212
291
370
479
562
649
728
811
894
985
1013
1140
1219
1298
1377
1456
1535
1614
1693
1772
1851
1930
2009
2088
2167
2246
2325
2404
2483
2562
2641
2720
2799
2878
2957
3036
3115
3194
3273
3352
3431
3510
3589
3668
3747
3826
3905
3984
65
144
223
302
381
490
573
660
739
822
909
996
1024
1151
1230
1309
1388
1467
1546
1625
1704
1783
1862
1941
2020
2099
2178
2257
2336
2415
2494
2573
2652
2731
2810
2889
2968
3047
3126
3205
3284
3363
3442
3521
3600
3679
3758
3837
3916
3995
70
149
228
307
386
495
578
665
744
827
914
1001
1061
1156
1235
1314
1393
1472
1551
1630
1709
1788
1867
1946
2025
2104
2183
2262
2341
2420
2499
2578
2657
2736
2815
2894
2973
3052
3131
3210
3289
3368
3447
3526
3605
3684
3763
3842
3921
4000
51
130
209
288
367
476
559
646
725
808
891
974
982
1137
1216
1295
1374
1453
1532
1611
1690
1769
1848
1927
2006
2085
2164
2243
2322
2401
2480
2559
2638
2717
2796
2875
2954
3033
3112
3191
3270
3349
3428
3507
3586
3665
3744
3823
3902
3981
4007
27
106
185
264
343
452
531
610
618
701
784
867
950
1049
1113
1192
1271
1350
1429
1508
1587
1666
1745
1824
1903
1982
2061
2140
2219
2298
2377
2456
2535
2614
2693
2772
2851
2930
3009
3088
3167
3246
3325
3404
3483
3562
3641
3720
3799
3878
3957
34
113
192
271
350
459
542
625
708
753
791
874
957
1056
1120
1199
1278
1357
1436
1515
1594
1673
1752
1831
1910
1989
2068
2147
2226
2305
2384
2463
2542
2621
2700
2779
2858
2937
3016
3095
3174
3253
3332
3411
3490
3569
3648
3727
3806
3885
3964
10
89
168
247
326
405
435
514
597
684
767
850
933
1032
1096
1175
1254
1333
1412
1491
1570
1649
1728
1807
1886
1965
2044
2123
2202
2281
2360
2439
2518
2597
2676
2755
2834
2913
2992
3071
3150
3229
3308
3387
3466
3545
3624
3703
3782
3861
3940
13
92
171
250
329
408
438
517
600
687
770
853
936
1035
1099
1178
1257
1336
1415
1494
1573
1652
1731
1810
1889
1968
2047
2126
2205
2284
2363
2442
2521
2600
2679
2758
2837
2916
2995
3074
3153
3232
3311
3390
3469
3548
3627
3706
3785
3864
3943
68
147
226
305
384
493
576
663
742
825
912
999
1059
1154
1233
1312
1391
1470
1549
1628
1707
1786
1865
1944
2023
2102
2181
2260
2339
2418
2497
2576
2655
2734
2813
2892
2971
3050
3129
3208
3287
3366
3445
3524
3603
3682
3761
3840
3919
3998
41
120
199
278
357
466
549
632
715
798
840
881
964
1071
1127
1206
1285
1364
1443
1522
1601
1680
1759
1838
1917
1996
2075
2154
2233
2312
2391
2470
2549
2628
2707
2786
2865
2944
3023
3102
3181
3260
3339
3418
3497
3576
3655
3734
3813
3892
3971
53
132
211
290
369
478
561
648
727
810
893
976
984
1139
1218
1297
1376
1455
1534
1613
1692
1771
1850
1929
2008
2087
2166
2245
2324
2403
2482
2561
2640
2719
2798
2877
2956
3035
3114
3193
3272
3351
3430
3509
3588
3667
3746
3825
3904
3983
64
143
222
301
380
489
572
659
738
821
904
995
1023
1150
1229
1308
1387
1466
1545
1624
1703
1782
1861
1940
2019
2098
2177
2256
2335
2414
2493
2572
2651
2730
2809
2888
2967
3046
3125
3204
3283
3362
3441
3520
3599
3678
3757
3836
3915
3994
8
87
166
245
324
403
433
512
595
682
765
848
931
1030
1094
1173
1252
1331
1410
1489
1568
1647
1726
1805
1884
1963
2042
2121
2200
2279
2358
2437
2516
2595
2674
2753
2832
2911
2990
3069
3148
3227
3306
3385
3464
3543
3622
3701
3780
3859
3938
52
131
210
289
368
477
560
647
726
809
892
975
983
1138
1217
1296
1375
1454
1533
1612
1691
1770
1849
1928
2007
2086
2165
2244
2323
2402
2481
2560
2639
2718
2797
2876
2955
3034
3113
3192
3271
3350
3429
3508
3587
3666
3745
3824
3903
3982
49
128
207
286
365
474
557
644
723
806
889
968
980
1079
1135
1214
1293
1372
1451
1530
1609
1688
1767
1846
1925
2004
2083
2162
2241
2320
2399
2478
2557
2636
2715
2794
2873
2952
3031
3110
3189
3268
3347
3426
3505
3584
3663
3742
3821
3900
3979
66
145
224
303
382
491
574
661
740
823
910
997
1057
1152
1231
1310
1389
1468
1547
1626
1705
1784
1863
1942
2021
2100
2179
2258
2337
2416
2495
2574
2653
2732
2811
2890
2969
3048
3127
3206
3285
3364
3443
3522
3601
3680
3759
3838
3917
3996
25
104
183
262
341
450
529
540
616
699
782
865
948
1047
1111
1190
1269
1348
1427
1506
1585
1664
1743
1822
1901
1980
2059
2138
2217
2296
2375
2454
2533
2612
2691
2770
2849
2928
3007
3086
3165
3244
3323
3402
3481
3560
3639
3718
3797
3876
3955
39
118
197
276
355
464
547
630
713
796
838
879
962
1069
1125
1204
1283
1362
1441
1520
1599
1678
1757
1836
1915
1994
2073
2152
2231
2310
2389
2468
2547
2626
2705
2784
2863
2942
3021
3100
3179
3258
3337
3416
3495
3574
3653
3732
3811
3890
3969
12
91
170
249
328
407
437
516
599
686
769
852
935
1034
1098
1177
1256
1335
1414
1493
1572
1651
1730
1809
1888
1967
2046
2125
2204
2283
2362
2441
2520
2599
2678
2757
2836
2915
2994
3073
3152
3231
3310
3389
3468
3547
3626
3705
3784
3863
3942
67
146
225
304
383
492
575
662
741
824
911
998
1058
1153
1232
1311
1390
1469
1548
1627
1706
1785
1864
1943
2022
2101
2180
2259
2338
2417
2496
2575
2654
2733
2812
2891
2970
3049
3128
3207
3286
3365
3444
3523
3602
3681
3760
3839
3918
3997
4003
4004
4005
4012
42
121
200
279
358
467
550
633
716
799
882
905
969
1072
1128
1207
1286
1365
1444
1523
1602
1681
1760
1839
1918
1997
2076
2155
2234
2313
2392
2471
2550
2629
2708
2787
2866
2945
3024
3103
3182
3261
3340
3419
3498
3577
3656
3735
3814
3893
3972
46
125
204
283
362
471
554
641
720
803
886
965
977
1076
1132
1211
1290
1369
1448
1527
1606
1685
1764
1843
1922
2001
2080
2159
2238
2317
2396
2475
2554
2633
2712
2791
2870
2949
3028
3107
3186
3265
3344
3423
3502
3581
3660
3739
3818
3897
3976
32
111
190
269
348
457
536
623
639
706
789
872
955
1054
1118
1197
1276
1355
1434
1513
1592
1671
1750
1829
1908
1987
2066
2145
2224
2303
2382
2461
2540
2619
2698
2777
2856
2935
3014
3093
3172
3251
3330
3409
3488
3567
3646
3725
3804
3883
3962
31
110
189
268
347
456
535
622
638
705
788
871
954
1053
1117
1196
1275
1354
1433
1512
1591
1670
1749
1828
1907
1986
2065
2144
2223
2302
2381
2460
2539
2618
2697
2776
2855
2934
3013
3092
3171
3250
3329
3408
3487
3566
3645
3724
3803
3882
3961
4
83
162
241
320
399
429
508
591
678
761
844
927
1026
1090
1169
1248
1327
1406
1485
1564
1643
1722
1801
1880
1959
2038
2117
2196
2275
2354
2433
2512
2591
2670
2749
2828
2907
2986
3065
3144
3223
3302
3381
3460
3539
3618
3697
3776
3855
3934
74
153
232
311
390
420
499
582
669
748
831
918
1005
1081
1160
1239
1318
1397
1476
1555
1634
1713
1792
1871
1950
2029
2108
2187
2266
2345
2424
2503
2582
2661
2740
2819
2898
2977
3056
3135
3214
3293
3372
3451
3530
3609
3688
3767
3846
3925
5
84
163
242
321
400
430
509
592
679
762
845
928
1027
1091
1170
1249
1328
1407
1486
1565
1644
1723
1802
1881
1960
2039
2118
2197
2276
2355
2434
2513
2592
2671
2750
2829
2908
2987
3066
3145
3224
3303
3382
3461
3540
3619
3698
3777
3856
3935
56
135
214
293
372
481
564
651
730
813
896
987
1015
1142
1221
1300
1379
1458
1537
1616
1695
1774
1853
1932
2011
2090
2169
2248
2327
2406
2485
2564
2643
2722
2801
2880
2959
3038
3117
3196
3275
3354
3433
3512
3591
3670
3749
3828
3907
3986
28
107
186
265
344
453
532
611
619
702
785
868
951
1050
1114
1193
1272
1351
1430
1509
1588
1667
1746
1825
1904
1983
2062
2141
2220
2299
2378
2457
2536
2615
2694
2773
2852
2931
3010
3089
3168
3247
3326
3405
3484
3563
3642
3721
3800
3879
3958
59
138
217
296
375
484
567
654
733
816
899
990
1018
1145
1224
1303
1382
1461
1540
1619
1698
1777
1856
1935
2014
2093
2172
2251
2330
2409
2488
2567
2646
2725
2804
2883
2962
3041
3120
3199
3278
3357
3436
3515
3594
3673
3752
3831
3910
3989
6
85
164
243
322
401
431
510
593
680
763
846
929
1028
1092
1171
1250
1329
1408
1487
1566
1645
1724
1803
1882
1961
2040
2119
2198
2277
2356
2435
2514
2593
2672
2751
2830
2909
2988
3067
3146
3225
3304
3383
3462
3541
3620
3699
3778
3857
3936
50
129
208
287
366
475
558
645
724
807
890
973
981
1080
1136
1215
1294
1373
1452
1531
1610
1689
1768
1847
1926
2005
2084
2163
2242
2321
2400
2479
2558
2637
2716
2795
2874
2953
3032
3111
3190
3269
3348
3427
3506
3585
3664
3743
3822
3901
3980
33
112
191
270
349
458
541
624
640
707
790
873
956
1055
1119
1198
1277
1356
1435
1514
1593
1672
1751
1830
1909
1988
2067
2146
2225
2304
2383
2462
2541
2620
2699
2778
2857
2936
3015
3094
3173
3252
3331
3410
3489
3568
3647
3726
3805
3884
3963
73
152
231
310
389
419
498
581
668
747
830
917
1004
1064
1159
1238
1317
1396
1475
1554
1633
1712
1791
1870
1949
2028
2107
2186
2265
2344
2423
2502
2581
2660
2739
2818
2897
2976
3055
3134
3213
3292
3371
3450
3529
3608
3687
3766
3845
3924
4008
7
86
165
244
323
402
432
511
594
681
764
847
930
1029
1093
1172
1251
1330
1409
1488
1567
1646
1725
1804
1883
1962
2041
2120
2199
2278
2357
2436
2515
2594
2673
2752
2831
2910
2989
3068
3147
3226
3305
3384
3463
3542
3621
3700
3779
3858
3937
47
126
205
284
363
472
555
642
721
804
887
966
978
1077
1133
1212
1291
1370
1449
1528
1607
1686
1765
1844
1923
2002
2081
2160
2239
2318
2397
2476
2555
2634
2713
2792
2871
2950
3029
3108
3187
3266
3345
3424
3503
3582
3661
3740
3819
3898
3977
60
139
218
297
376
485
568
655
734
817
900
991
1019
1146
1225
1304
1383
1462
1541
1620
1699
1778
1857
1936
2015
2094
2173
2252
2331
2410
2489
2568
2647
2726
2805
2884
2963
3042
3121
3200
3279
3358
3437
3516
3595
3674
3753
3832
3911
3990
62
141
220
299
378
487
570
657
736
819
902
993
1021
1148
1227
1306
1385
1464
1543
1622
1701
1780
1859
1938
2017
2096
2175
2254
2333
2412
2491
2570
2649
2728
2807
2886
2965
3044
3123
3202
3281
3360
3439
3518
3597
3676
3755
3834
3913
3992
61
140
219
298
377
486
569
656
735
818
901
992
1020
1147
1226
1305
1384
1463
1542
1621
1700
1779
1858
1937
2016
2095
2174
2253
2332
2411
2490
2569
2648
2727
2806
2885
2964
3043
3122
3201
3280
3359
3438
3517
3596
3675
3754
3833
3912
3991
79
158
237
316
395
425
504
587
674
757
836
923
1010
1086
1165
1244
1323
1402
1481
1560
1639
1718
1797
1876
1955
2034
2113
2192
2271
2350
2429
2508
2587
2666
2745
2824
2903
2982
3061
3140
3219
3298
3377
3456
3535
3614
3693
3772
3851
3930
14
93
172
251
330
409
439
518
601
688
771
854
937
1036
1100
1179
1258
1337
1416
1495
1574
1653
1732
1811
1890
1969
2048
2127
2206
2285
2364
2443
2522
2601
2680
2759
2838
2917
2996
3075
3154
3233
3312
3391
3470
3549
3628
3707
3786
3865
3944
18
97
176
255
334
413
443
522
605
692
775
858
941
1040
1104
1183
1262
1341
1420
1499
1578
1657
1736
1815
1894
1973
2052
2131
2210
2289
2368
2447
2526
2605
2684
2763
2842
2921
3000
3079
3158
3237
3316
3395
3474
3553
3632
3711
3790
3869
3948
24
103
182
261
340
449
528
539
615
698
781
864
947
1046
1110
1189
1268
1347
1426
1505
1584
1663
1742
1821
1900
1979
2058
2137
2216
2295
2374
2453
2532
2611
2690
2769
2848
2927
3006
3085
3164
3243
3322
3401
3480
3559
3638
3717
3796
3875
3954
19
98
177
256
335
414
444
523
606
693
776
859
942
1041
1105
1184
1263
1342
1421
1500
1579
1658
1737
1816
1895
1974
2053
2132
2211
2290
2369
2448
2527
2606
2685
2764
2843
2922
3001
3080
3159
3238
3317
3396
3475
3554
3633
3712
3791
3870
3949
16
95
174
253
332
411
441
520
603
690
773
856
939
1038
1102
1181
1260
1339
1418
1497
1576
1655
1734
1813
1892
1971
2050
2129
2208
2287
2366
2445
2524
2603
2682
2761
2840
2919
2998
3077
3156
3235
3314
3393
3472
3551
3630
3709
3788
3867
3946
