16.0832
21.7681
707.7840
13.6861
1631.7840
1170.2460
4694.8440
55.4702
55.5332
143.6828
40.0957
2771.5380
147.1604
11.7029
8.2051
12.0632
1093.5540
1311.4584
6336.3300
44.1504
559.0200
2245.7820
2984.9820
337.2600
2263.8000
4.7956
57.8088
3510.2760
47.4239
1700.1600
11.3929
2303.5320
33.6924
102.1020
160.3140
4068.8340
36.3888
570.5700
2267.4960
1801.3380
34.2342
11.4433
2255.9460
297.0660
5106.4860
1307.2248
456.9180
34.3476
7.8372
9.1577
10.6117
33.5160
42.0613
36.9432
50.4302
2.9660
1724.6460
40.5670
3283.8960
22.3322
3237.6960
45.0853
4967.4240
475.8600
7289.4360
42.0000
160.2947
2116.4220
75.5496
3567.5640
5027.4840
3027.4860
2042.5020
10.0598
44.8006
61.8408
52.5269
28.6902
20.6060
5870.1720
2831.5980
272.5800
26.6364
53.9507
2511.8940
1538.9220
21.7955
21.2990
53.2022
273.0596
57.7962
28.1484
3613.7640
21.3746
33.2640
52.9679
559.4820
2889.8100
61.9164
31.3236
38.5510
56.8764
53.1443
126.5544
1076.6952
8137.6680
153.3840
84.4452
59.8248
1676.5980
3842.4540
2287.7618
42.6334
1068.8832
50.1959
43.5784
48.9686
5219.2140
42.7846
21.8459
22.2818
2137.6740
38.6014
48.1622
2668.0500
38.0545
45.1357
234.7632
19.2578
38.0167
460.6140
29.6982
238.3416
27.7956
31.1724
78.5963
55.1099
1678.4460
29.8116
20.8379
33.1884
3073.6860
8.8855
18.8723
2026.7940
119.8008
59.1192
515.5920
12206.5020
609.8400
28.6524
33.1934
2399.1660
55.4879
9.3895
1596.2100
523.2528
45.2869
20.2658
6897.6600
37.2229
34.2720
1893.7380
3854.9280
22.3070
67.1832
9.9490
795.8664
272.1180
22.8287
61.1352
31.6764
770.9688
2729.4960
18.7715
19.7795
3950.1000
4089.0998
783.9720
120.2544
30.1644
55.7222
53.0762
20.7875
4127.0460
32.2182
21.6644
204.1049
540.4896
17.7635
27.6444
1212.2880
44.0773
21.8963
45.3902
10.9318
85.9824
122.0184
50.5109
3140.6760
29.6604
21.7703
32.1804
2188.0320
19.2830
2098.4040
2277.3769
109.8191
41.2549
30.6432
43.6666
55.5962
44.5990
193.6897
9.3946
30.6684
850.5420
19.8047
22.3826
29.3076
64.0080
42.6838
18.7967
171.6347
4996.9920
38.0293
3400.3200
65.1672
88.9812
49.9439
45.1861
34.1964
164.9365
37.0717
55.7928
50.9267
1114.3440
32.7222
30.3156
36.0133
32.8356
41.1037
32.6844
165.5413
42.5830
21.8207
304.9200
11.4106
984.0600
4078.7149
29.1942
28.8036
20.8127
20.3666
31.2480
22.5515
55.0469
315.1210
63.8316
33.7680
20.8883
33.3396
254.1000
47.9102
4144.5877
66.8808
137.7432
87.5826
55.2359
18.2498
47.4869
62.1432
27.1404
193.8586
53.0132
43.2709
53.0939
48.1799
32.7600
60.1272
38.7526
50.0069
87.9228
41.0533
29.1564
8.9233
10.9066
33.2262
244.2006
39.0373
65.8728
66.9564
31.7596
153.0648
52.9502
873.1800
766.8360
50.6999
57.1032
50.4479
18.2750
1457.6100
22.8035
540.3888
40.2469
59.5300
49.4147
41.1793
36.5350
1106.0280
44.6494
43.5658
2912.4480
10.3975
98.0532
52.7159
45.4079
1945.4820
148.8312
1491.3360
189.3478
59.9004
131.0350
970.2193
56.8260
39.1255
44.1781
145.1747
32.3316
40.0453
67.0320
92.1186
48.6284
47.9531
65.9484
98.2800
60.8328
37.0213
132.5470
366.2652
81.6000
2196.2880
3710.6400
594.0000
1750.6000
44321.6000
31738.3200
1193.2000
3020.8000
4359.4000
79814.4000
