222.1492
300.6721
9776.2665
189.0395
22539.0165
16164.0229
64847.5328
766.1827
767.0528
1984.6192
553.8221
38281.8686
2032.6535
161.6461
113.3332
166.6235
15104.7146
18114.5192
87520.5581
609.8274
7721.4638
31019.8639
41230.0639
4658.4038
31268.7375
66.2387
798.4841
48485.6873
655.0424
23483.4600
157.3647
31817.5358
465.3763
1410.2839
2214.3371
56200.7696
502.6203
7880.9981
31319.7885
24880.9811
472.8599
158.0608
31160.2541
4103.2241
70533.3379
18056.0426
6311.1799
474.4262
108.2513
126.4905
146.5744
462.9398
580.9720
510.2780
696.5677
40.9684
23821.6729
560.3312
45358.8135
308.4640
44720.6760
622.7410
68612.5440
6572.8163
100685.3348
580.1250
2214.0703
29233.0789
1043.5289
49276.9778
69442.1228
41817.1504
28212.0589
138.9515
618.8078
854.1761
725.5276
396.2834
284.6209
81081.7508
39111.4474
3765.0113
367.9153
745.1938
34695.5359
21256.3601
301.0501
294.1930
734.8559
3771.6362
798.3100
388.7998
49915.1153
295.2372
459.4590
731.6189
7727.8451
39915.5006
855.2203
432.6572
532.4852
785.6053
734.0554
1748.0327
14871.8525
112401.5393
2118.6165
1166.3993
826.3301
23158.0099
53073.8959
31599.7104
588.8733
14763.9492
693.3306
601.9261
676.3793
72090.3934
590.9618
301.7462
307.7679
29526.6221
533.1813
665.2409
36852.4406
525.6280
623.4371
3242.6667
265.9989
525.1059
6362.2309
410.2064
3292.0934
383.9267
430.5688
1085.6111
761.2052
23183.5354
411.7727
287.8232
458.4148
42455.2879
122.7312
260.6734
27995.0921
1654.7486
816.5840
7121.6145
168602.3089
8423.4150
395.7613
458.4844
33138.4804
766.4264
129.6927
22047.6506
7227.4293
625.5256
279.9219
95273.9288
514.1416
473.3820
26157.2561
53246.1930
308.1160
927.9680
137.4201
10992.9047
3758.6299
315.3212
844.4300
437.5303
10649.0066
37701.1635
259.2811
273.2041
54560.7563
56480.6915
10828.6133
1661.0139
416.6458
769.6634
733.1155
287.1271
57004.8229
445.0139
299.2400
2819.1987
7465.5126
245.3581
381.8383
16744.7280
608.8180
302.4424
626.9527
150.9950
1187.6319
1685.3792
697.6816
43380.5873
409.6843
300.7020
444.4918
30222.1920
266.3470
28984.2053
31456.2687
1516.8761
569.8336
423.2592
603.1444
767.9230
616.0232
2675.3392
129.7624
423.6073
11748.1114
273.5522
309.1602
404.8112
884.1105
589.5695
259.6292
2370.7040
69020.9520
525.2800
46966.9200
900.1220
1229.0528
689.8499
624.1333
472.3378
2278.1857
512.0531
770.6381
703.4248
15391.8765
451.9754
418.7342
497.4340
453.5417
567.7451
451.4533
2286.5395
588.1772
301.3982
4211.7075
157.6084
13592.3288
56337.2498
403.2449
397.8497
287.4752
281.3142
431.6130
311.4923
760.3351
4352.6083
881.6740
466.4205
288.5194
460.5032
3509.7563
661.7602
57247.1179
923.7911
1902.5780
1209.7347
762.9456
252.0759
655.9126
858.3530
374.8768
2677.6714
732.2453
597.6796
733.3592
665.4846
452.4975
830.5070
535.2698
690.7201
1214.4337
567.0490
402.7228
123.2533
150.6469
458.9369
3373.0208
539.2030
909.8681
924.8353
438.6790
2114.2076
731.3752
12060.7988
10591.9223
700.2921
788.7380
696.8114
252.4240
20133.2381
314.9731
7464.1203
555.9106
822.2576
682.5403
568.7893
504.6392
15277.0118
616.7193
601.7521
40228.1880
143.6157
1354.3598
728.1381
627.1964
26871.9701
2055.7310
20599.0785
2615.3660
827.3743
1809.9204
13401.1543
784.9091
540.4212
610.2103
2005.2253
446.5802
553.1260
925.8795
1272.3882
671.6803
662.3519
910.9123
1357.4925
840.2531
511.3570
1830.8049
5036.1465
1122.0000
30198.9600
51021.3000
8167.5000
24070.7500
609422.0000
436401.9000
16406.5000
41536.0000
59941.7500
1097448.0000
