50.2600
45.1200
45.5805
16.0860
57.0255
37.0860
26.5965
27.0585
33.5790
46.0635
47.4705
45.3705
49.6440
43.2705
47.5230
45.4230
49.6965
43.3230
42.7980
25.4205
41.2230
45.4965
39.1230
62.9895
40.4880
26.3655
48.7620
34.1880
50.2635
10.7310
14.1225
57.1515
53.2035
63.6930
48.9090
21.0945
30.4395
40.9395
9.1980
5.7750
1.1550
23.3940
27.6465
1.3650
3.4860
6.1950
1.4700
22.1655
29.2845
19.9815
41.1705
39.0705
43.3440
36.9705
41.2440
31.4895
48.2895
15.8865
11.6655
11.0880
23.0790
29.2740
2.3205
3.6435
3.6015
3.9795
12.9675
47.6805
23.4045
27.8670
6.7515
36.2775
50.7465
58.2645
62.9265
49.6545
10.3845
49.8540
12.7155
19.9395
38.1570
44.2155
6.9825
47.5440
3.3810
4.3155
45.4440
12.3585
39.1965
34.8705
39.7635
47.5755
45.4755
34.3455
39.2385
32.7705
43.0395
10.8150
82.8345
0.2100
44.3205
28.6965
42.5145
5.5860
15.7395
43.4595
37.6215
29.5785
36.0990
48.5835
32.2455
36.5610
46.4205
41.9160
43.4805
47.7540
47.5965
43.3965
37.0230
39.1440
43.2180
47.4915
8.7570
9.6915
34.9755
41.3805
45.6540
39.2805
43.5540
37.1805
41.4540
43.9845
38.1465
49.7490
43.3755
6.5310
6.1845
41.2965
6.8775
7.8015
5.8065
8.8620
47.6490
10.4685
41.2755
45.5490
13.0863
13.0800
3.4000
6.9200
38.4900
38.7500
24.7500
51.5600
10.3100
8.2500
10.3000
5.7700
4.4300
18.5600
30.9400
37.1000
9.1500
15.6700
23.7500
26.1800
1.8700
3.7400
3.3600
0.8600
2.3600
33.8800
2.9700
8.2200
59.4600
20.5600
41.5700
