5.0260
6.8025
221.1825
4.2769
509.9325
365.7019
1467.1388
17.3345
17.3541
44.9009
12.5299
866.1056
45.9876
3.6572
2.5641
3.7698
341.7356
409.8308
1980.1031
13.7970
174.6938
701.8069
932.8069
105.3938
707.4375
1.4986
18.0653
1096.9613
14.8200
531.3000
3.5603
719.8538
10.5289
31.9069
50.0981
1271.5106
11.3715
178.3031
708.5925
562.9181
10.6982
3.5760
704.9831
92.8331
1595.7769
408.5078
142.7869
10.7336
2.4491
2.8618
3.3162
10.4738
13.1442
11.5448
15.7595
0.9269
538.9519
12.6772
1026.2175
6.9788
1011.7800
14.0892
1552.3200
148.7063
2277.9488
13.1250
50.0921
661.3819
23.6093
1114.8638
1571.0888
946.0894
638.2819
3.1437
14.0002
19.3253
16.4147
8.9657
6.4394
1834.4288
884.8744
85.1813
8.3239
16.8596
784.9669
480.9131
6.8111
6.6560
16.6257
85.3311
18.0613
8.7964
1129.3013
6.6796
10.3950
16.5525
174.8381
903.0656
19.3489
9.7886
12.0472
17.7739
16.6076
39.5483
336.4673
2543.0213
47.9325
26.3891
18.6953
523.9369
1200.7669
714.9256
13.3229
334.0260
15.6862
13.6182
15.3027
1631.0044
13.3702
6.8268
6.9631
668.0231
12.0629
15.0507
833.7656
11.8920
14.1049
73.3635
6.0181
11.8802
143.9419
9.2807
74.4818
8.6861
9.7414
24.5613
17.2218
524.5144
9.3161
6.5118
10.3714
960.5269
2.7767
5.8976
633.3731
37.4378
18.4748
161.1225
3814.5319
190.5750
8.9539
10.3730
749.7394
17.3400
2.9342
498.8156
163.5165
14.1522
6.3331
2155.5188
11.6322
10.7100
591.7931
1204.6650
6.9710
20.9948
3.1091
248.7083
85.0369
7.1340
19.1048
9.8989
240.9278
852.9675
5.8661
6.1811
1234.4063
1277.8437
244.9913
37.5795
9.4264
17.4132
16.5863
6.4961
1289.7019
10.0682
6.7701
63.7828
168.9030
5.5511
8.6389
378.8400
13.7742
6.8426
14.1845
3.4162
26.8695
38.1308
15.7847
981.4613
9.2689
6.8032
10.0564
683.7600
6.0260
655.7513
711.6803
34.3185
12.8922
9.5760
13.6458
17.3738
13.9372
60.5280
2.9358
9.5839
265.7944
6.1890
6.9946
9.1586
20.0025
13.3387
5.8740
53.6358
1561.5600
11.8842
1062.6000
20.3648
27.8066
15.6075
14.1207
10.6864
51.5427
11.5849
17.4353
15.9146
348.2325
10.2257
9.4736
11.2542
10.2611
12.8449
10.2139
51.7317
13.3072
6.8190
95.2875
3.5658
307.5188
1274.5984
9.1232
9.0011
6.5040
6.3646
9.7650
7.0473
17.2022
98.4753
19.9474
10.5525
6.5276
10.4186
79.4063
14.9720
1295.1837
20.9003
43.0448
27.3696
17.2612
5.7031
14.8397
19.4198
8.4814
60.5808
16.5666
13.5222
16.5918
15.0562
10.2375
18.7898
12.1102
15.6272
27.4759
12.8292
9.1114
2.7885
3.4083
10.3832
76.3127
12.1992
20.5853
20.9239
9.9249
47.8328
16.5470
272.8688
239.6363
15.8437
17.8448
15.7650
5.7110
455.5031
7.1261
168.8715
12.5772
18.6031
15.4421
12.8685
11.4172
345.6338
13.9529
13.6143
910.1400
3.2492
30.6416
16.4737
14.1900
607.9631
46.5098
466.0425
59.1712
18.7189
40.9484
303.1935
17.7581
12.2267
13.8057
45.3671
10.1036
12.5142
20.9475
28.7871
15.1964
14.9853
20.6089
30.7125
19.0103
11.5692
41.4209
91.5663
20.4000
549.0720
927.6600
148.5000
437.6500
11080.4000
7934.5800
298.3000
755.2000
1089.8500
19953.6000
