201.0400
272.1015
8847.3000
171.0765
20397.3000
14628.0750
58685.5500
693.3780
694.1655
1796.0355
501.1965
34644.2250
1839.5055
146.2860
102.5640
150.7905
13669.4250
16393.2300
79204.1250
551.8800
6987.7500
28072.2750
37312.2750
4215.7500
28297.5000
59.9445
722.6100
43878.4500
592.7985
21252.0000
142.4115
28794.1500
421.1550
1276.2750
2003.9250
50860.4250
454.8600
7132.1250
28343.7000
22516.7250
427.9275
143.0415
28199.3250
3713.3250
63831.0750
16340.3100
5711.4750
429.3450
97.9650
114.4710
132.6465
418.9500
525.7665
461.7900
630.3780
37.0755
21558.0750
507.0870
41048.7000
279.1530
40471.2000
563.5665
62092.8000
5948.2500
91117.9500
525.0000
2003.6835
26455.2750
944.3700
44594.5500
62843.5500
37843.5750
25531.2750
125.7480
560.0070
773.0100
656.5860
358.6275
257.5755
73377.1500
35394.9750
3407.2500
332.9550
674.3835
31398.6750
19236.5250
272.4435
266.2380
665.0280
3413.2455
722.4525
351.8550
45172.0500
267.1830
415.8000
662.0985
6993.5250
36122.6250
773.9550
391.5450
481.8870
710.9550
664.3035
1581.9300
13458.6900
101720.8500
1917.3000
1055.5650
747.8100
20957.4750
48030.6750
28597.0230
532.9170
13361.0400
627.4485
544.7295
612.1080
65240.1750
534.8070
273.0735
278.5230
26720.9250
482.5170
602.0280
33350.6250
475.6815
564.1965
2934.5400
240.7230
475.2090
5757.6750
371.2275
2979.2700
347.4450
389.6550
982.4535
688.8735
20980.5750
372.6450
260.4735
414.8550
38421.0750
111.0690
235.9035
25334.9250
1497.5100
738.9900
6444.9000
152581.2750
7623.0000
358.1550
414.9180
29989.5750
693.5985
117.3690
19952.6250
6540.6600
566.0865
253.3230
86220.7500
465.2865
428.4000
23671.7250
48186.6000
278.8380
839.7900
124.3620
9948.3300
3401.4750
285.3585
764.1900
395.9550
9637.1100
34118.7000
234.6435
247.2435
49376.2500
51113.7480
9799.6500
1503.1800
377.0550
696.5280
663.4530
259.8435
51588.0750
402.7275
270.8055
2551.3110
6756.1200
222.0435
345.5550
15153.6000
550.9665
273.7035
567.3780
136.6470
1074.7800
1525.2300
631.3860
39258.4500
370.7550
272.1285
402.2550
27350.4000
241.0380
26230.0500
28467.2115
1372.7385
515.6865
383.0400
545.8320
694.9530
557.4870
2421.1215
117.4320
383.3550
10631.7750
247.5585
279.7830
366.3450
800.1000
533.5470
234.9585
2145.4335
62462.4000
475.3665
42504.0000
814.5900
1112.2650
624.2985
564.8265
427.4550
2061.7065
463.3965
697.4100
636.5835
13929.3000
409.0275
378.9450
450.1665
410.4450
513.7965
408.5550
2069.2665
532.2870
272.7585
3811.5000
142.6320
12300.7500
50983.9365
364.9275
360.0450
260.1585
254.5830
390.6000
281.8935
688.0860
3939.0120
797.8950
422.1000
261.1035
416.7450
3176.2500
598.8780
51807.3465
836.0100
1721.7900
1094.7825
690.4485
228.1230
593.5860
776.7900
339.2550
2423.2320
662.6655
540.8865
663.6735
602.2485
409.5000
751.5900
484.4070
625.0860
1099.0350
513.1665
364.4550
111.5415
136.3320
415.3275
3052.5075
487.9665
823.4100
836.9550
396.9945
1913.3100
661.8780
10914.7500
9585.4500
633.7485
713.7900
630.5985
228.4380
18220.1250
285.0435
6754.8600
503.0865
744.1245
617.6835
514.7415
456.6870
13825.3500
558.1170
544.5720
36405.6000
129.9690
1225.6650
658.9485
567.5985
24318.5250
1860.3900
18641.7000
2366.8470
748.7550
1637.9370
12127.7415
710.3250
489.0690
552.2265
1814.6835
404.1450
500.5665
837.9000
1151.4825
607.8555
599.4135
824.3550
1228.5000
760.4100
462.7665
1656.8370
4578.3150
1020.0000
27453.6000
46383.0000
7425.0000
21882.5000
554020.0000
396729.0000
14915.0000
37760.0000
54492.5000
997680.0000
