1
181
380
562
716
883
939
1123
1309
1508
1679
1890
2065
2251
2453
2636
2807
3003
3183
3348
3511
3677
3845
4022
4202
4377
4545
4712
4879
5047
5210
5377
5573
5754
5917
6092
6260
6427
6594
6762
6925
7092
7288
7469
7632
7807
7975
8142
8309
8477
8640
180
379
561
715
882
938
1122
1308
1507
1678
1883
2064
2250
2452
2635
2806
3002
3182
3347
3510
3676
3844
4021
4201
4376
4544
4711
4878
5046
5209
5376
5572
5753
5916
6091
6259
6426
6593
6761
6924
7091
7287
7468
7631
7806
7974
8141
8308
8476
8639
5
187
385
569
720
891
947
1129
1316
1514
1686
1894
2083
2312
2460
2644
2812
3021
3187
3353
3515
3683
3850
4026
4209
4385
4551
4715
4883
5052
5214
5383
5578
5758
5924
6100
6266
6430
6598
6767
6929
7098
7293
7473
7639
7815
7981
8145
8313
8482
8644
8
169
190
368
388
572
709
894
930
1113
1132
1298
1319
1498
1663
1689
1862
2086
2239
2315
2438
2463
2647
2797
2994
3024
3172
3190
3338
3356
3502
3518
3665
3686
3833
3853
4029
4195
4388
4535
4703
4718
4868
4886
5037
5055
5201
5217
5365
5386
5561
5581
5761
5910
6103
6250
6418
6433
6583
6601
6752
6770
6916
6932
7080
7101
7276
7296
7476
7625
7818
7965
8133
8148
8298
8316
8467
8485
8631
8647
9
170
191
369
389
573
710
895
931
1114
1133
1299
1320
1499
1664
1690
1863
2087
2240
2316
2439
2464
2648
2798
2995
3025
3173
3191
3339
3357
3503
3519
3666
3687
3834
3854
4030
4196
4389
4536
4704
4719
4869
4887
5038
5056
5202
5218
5366
5387
5562
5582
5762
5911
6104
6251
6419
6434
6584
6602
6753
6771
6917
6933
7081
7102
7277
7297
7477
7626
7819
7966
8134
8149
8299
8317
8468
8486
8632
8648
10
171
174
192
372
390
553
556
713
723
876
879
932
935
950
1115
1118
1134
1300
1303
1500
1503
1517
1665
1668
1866
1897
2058
2061
2088
2241
2244
2317
2442
2465
2629
2632
2799
2802
2815
2996
2999
3026
3174
3177
3192
3340
3343
3358
3504
3507
3520
3667
3670
3688
3837
3855
4013
4016
4199
4212
4370
4373
4537
4540
4554
4705
4708
4720
4870
4873
4888
5039
5042
5057
5203
5206
5219
5367
5370
5388
5565
5583
5745
5748
5914
5927
6085
6088
6252
6255
6269
6420
6423
6435
6585
6588
6603
6754
6757
6772
6918
6921
6934
7082
7085
7103
7280
7298
7460
7463
7629
7642
7800
7803
7967
7970
7984
8135
8138
8150
8300
8303
8318
8469
8472
8487
8633
8636
8649
21
29
161
204
211
360
401
545
582
591
701
738
748
867
901
906
923
956
964
1103
1140
1163
1290
1341
1490
1523
1545
1653
1717
1852
1908
1916
2048
2095
2101
2230
2325
2331
2481
2620
2654
2662
2790
2821
2848
2984
3037
3163
3200
3206
3371
3493
3528
3696
3703
3825
3866
4005
4050
4059
4187
4216
4226
4361
4395
4403
4528
4560
4577
4693
4731
4859
4896
4902
5070
5192
5227
5400
5407
5553
5594
5737
5771
5780
5902
5931
5941
6076
6110
6118
6243
6275
6292
6408
6446
6574
6611
6617
6785
6907
6942
7115
7122
7268
7309
7452
7486
7495
7617
7646
7656
7791
7825
7833
7958
7990
8007
8123
8161
8289
8326
8332
8500
8622
8657
22
30
162
205
212
361
402
546
583
592
702
739
749
868
902
907
924
957
965
1104
1141
1164
1291
1342
1491
1524
1546
1654
1718
1853
1909
1917
2049
2096
2102
2231
2326
2332
2482
2621
2655
2663
2791
2822
2849
2985
3038
3164
3201
3207
3372
3494
3529
3697
3704
3826
3867
4006
4051
4060
4188
4217
4227
4362
4396
4404
4529
4561
4578
4694
4732
4860
4897
4903
5071
5193
5228
5401
5408
5554
5595
5738
5772
5781
5903
5932
5942
6077
6111
6119
6244
6276
6293
6409
6447
6575
6612
6618
6786
6908
6943
7116
7123
7269
7310
7453
7487
7496
7618
7647
7657
7792
7826
7834
7959
7991
8008
8124
8162
8290
8327
8333
8501
8623
8658
23
31
163
206
362
403
410
547
584
593
703
740
750
869
903
908
925
958
966
1105
1165
1292
1334
1343
1492
1547
1655
1710
1719
1854
1910
1918
2050
2097
2103
2333
2398
2473
2483
2622
2656
2664
2792
2850
2986
3033
3039
3208
3330
3367
3530
3536
3659
3698
3827
3868
3875
4007
4052
4061
4189
4218
4228
4363
4397
4405
4530
4579
4695
4727
4733
4904
5029
5066
5229
5235
5359
5402
5555
5596
5603
5739
5773
5782
5904
5933
5943
6078
6112
6120
6245
6294
6410
6442
6448
6619
6744
6781
6944
6950
7074
7117
7270
7311
7318
7454
7488
7497
7619
7648
7658
7793
7827
7835
7960
8009
8125
8157
8163
8334
8459
8496
8659
8665
34
215
413
596
753
911
969
1168
1346
1550
1722
1921
2106
2336
2486
2667
2853
3042
3211
3375
3539
3707
3878
4064
4231
4408
4582
4736
4907
5074
5238
5411
5606
5785
5946
6123
6297
6451
6622
6789
6953
7126
7321
7500
7661
7838
8012
8166
8337
8504
8668
159
358
543
699
865
1101
1288
1488
1651
1850
2046
2228
2396
2618
2788
2982
3161
3328
3491
3657
3823
4003
4185
4359
4526
4691
4857
5027
5190
5357
5551
5735
5900
6074
6241
6406
6572
6742
6905
7072
7266
7450
7615
7789
7956
8121
8287
8457
8620
8787
160
359
544
700
866
1102
1289
1489
1652
1851
2047
2229
2397
2619
2789
2983
3162
3329
3492
3658
3824
4004
4186
4360
4527
4692
4858
5028
5191
5358
5552
5736
5901
6075
6242
6407
6573
6743
6906
7073
7267
7451
7616
7790
7957
8122
8288
8458
8621
8788
156
355
540
696
862
1098
1285
1485
1648
1847
2043
2225
2393
2615
2785
2979
3158
3325
3488
3654
3820
4000
4182
4356
4523
4688
4854
5024
5187
5354
5548
5732
5897
6071
6238
6403
6569
6739
6902
7069
7263
7447
7612
7786
7953
8118
8284
8454
8617
8784
61
145
149
438
535
616
854
1282
1361
1472
1747
1836
1842
2306
2357
2384
2876
2968
2975
3315
3396
3479
3644
3728
3808
3995
4084
4348
4684
4758
4838
5167
5178
5261
5344
5536
5631
5727
5805
6063
6399
6473
6553
6882
6893
6976
7059
7251
7346
7442
7520
7778
8114
8188
8268
8597
8608
8691
8774
62
146
150
439
536
617
855
1283
1362
1473
1748
1837
1843
2307
2358
2385
2877
2969
2976
3316
3397
3480
3645
3729
3809
3996
4085
4349
4685
4759
4839
5168
5179
5262
5345
5537
5632
5728
5806
6064
6400
6474
6554
6883
6894
6977
7060
7252
7347
7443
7521
7779
8115
8189
8269
8598
8609
8692
8775
63
151
342
440
691
782
856
1363
1474
1479
1838
1844
1945
2308
2359
2386
2878
2970
2977
3317
3398
3481
3730
3803
3810
4177
4260
4350
4686
4760
4840
5169
5180
5263
5531
5538
5633
5892
5975
6065
6401
6475
6555
6884
6895
6978
7246
7253
7348
7607
7690
7780
8116
8190
8270
8599
8610
8693
64
152
343
441
692
783
1087
1378
1475
1480
1839
1946
2039
2360
2387
2605
2879
2971
3150
3318
3399
3482
3731
3804
3811
4178
4261
4512
4841
4846
4928
5170
5181
5264
5532
5539
5634
5893
5976
6227
6556
6561
6643
6885
6896
6979
7247
7254
7349
7608
7691
7942
8271
8276
8358
8600
8611
8694
65
344
347
442
693
784
1088
1379
1476
1481
1947
2027
2040
2361
2388
2606
2972
3064
3151
3400
3472
3483
3805
3812
3903
4179
4262
4513
4842
4847
4929
5171
5182
5265
5533
5540
5635
5894
5977
6228
6557
6562
6644
6886
6897
6980
7248
7255
7350
7609
7692
7943
8272
8277
8359
8601
8612
8695
66
348
443
531
859
992
1089
1380
1482
1638
1948
2028
2041
2389
2509
2607
3065
3144
3152
3473
3484
3562
3813
3904
3991
4353
4431
4514
4843
4848
4930
5172
5183
5266
5541
5636
5723
6068
6146
6229
6558
6563
6645
6887
6898
6981
7256
7351
7438
7783
7861
7944
8273
8278
8360
8602
8613
8696
239
349
444
532
860
993
1090
1381
1639
1644
1949
2214
2219
2510
2610
2777
3066
3145
3153
3474
3563
3648
3814
3905
3992
4354
4432
4515
4849
4931
5015
5173
5348
5432
5542
5637
5724
6069
6147
6230
6564
6646
6730
6888
7063
7147
7257
7352
7439
7784
7862
7945
8279
8361
8445
8603
8778
240
350
445
687
1091
1094
1191
1382
1640
1645
1950
2215
2220
2511
2611
2778
3146
3154
3232
3475
3564
3649
3815
3906
4173
4516
4519
4605
4850
4932
5016
5174
5349
5433
5543
5638
5888
6231
6234
6320
6565
6647
6731
6889
7064
7148
7258
7353
7603
7946
7949
8035
8280
8362
8446
8604
8779
241
351
446
688
1095
1192
1279
1571
1641
1646
2127
2216
2221
2690
2779
2782
3147
3233
3321
3476
3565
3650
3816
3907
4174
4520
4606
4681
5017
5020
5095
5175
5350
5434
5544
5639
5889
6235
6321
6396
6732
6735
6810
6890
7065
7149
7259
7354
7604
7950
8036
8111
8447
8450
8525
8605
8780
48
56
228
427
433
604
768
776
920
978
986
1177
1185
1209
1357
1372
1559
1565
1733
1741
1932
1940
2116
2351
2495
2503
2676
2684
2862
2870
3051
3058
3226
3384
3390
3557
3717
3892
3898
4072
4246
4254
4417
4425
4591
4599
4745
4752
4922
5083
5089
5256
5421
5620
5626
5793
5961
5969
6132
6140
6306
6314
6460
6467
6637
6798
6804
6971
7136
7335
7341
7508
7676
7684
7847
7855
8021
8029
8175
8182
8352
8513
8519
8686
49
57
229
428
434
605
769
777
921
979
987
1178
1186
1210
1358
1373
1560
1566
1734
1742
1933
1941
2117
2352
2496
2504
2677
2685
2863
2871
3052
3059
3227
3385
3391
3558
3718
3893
3899
4073
4247
4255
4418
4426
4592
4600
4746
4753
4923
5084
5090
5257
5422
5621
5627
5794
5962
5970
6133
6141
6307
6315
6461
6468
6638
6799
6805
6972
7137
7336
7342
7509
7677
7685
7848
7856
8022
8030
8176
8183
8353
8514
8520
8687
53
233
609
773
983
1182
1206
1370
1738
1937
2120
2348
2500
2681
2867
3055
3223
3388
3722
4077
4251
4422
4596
4749
4919
5087
5426
5798
5966
6137
6311
6464
6634
6802
7141
7513
7681
7852
8026
8179
8349
8517
88
127
263
325
472
511
633
666
807
838
1020
1067
1222
1259
1401
1455
1589
1620
1676
1773
1811
1972
2009
2145
2199
2287
2406
2548
2585
2717
2761
2902
2937
3087
3126
3260
3297
3419
3457
3587
3626
3752
3786
3932
3971
4106
4141
4295
4330
4456
4492
4629
4661
4781
4820
4959
5002
5114
5152
5288
5327
5455
5514
5664
5703
5827
5862
6010
6045
6171
6207
6344
6376
6496
6535
6674
6717
6829
6867
7003
7042
7170
7229
7379
7418
7542
7577
7725
7760
7886
7922
8059
8091
8211
8250
8389
8432
8544
8582
8718
8757
89
128
264
326
473
512
634
667
808
839
1021
1068
1223
1260
1402
1456
1590
1621
1677
1774
1812
1973
2010
2146
2200
2288
2407
2549
2586
2718
2762
2903
2938
3088
3127
3261
3298
3420
3458
3588
3627
3753
3787
3933
3972
4107
4142
4296
4331
4457
4493
4630
4662
4782
4821
4960
5003
5115
5153
5289
5328
5456
5515
5665
5704
5828
5863
6011
6046
6172
6208
6345
6377
6497
6536
6675
6718
6830
6868
7004
7043
7171
7230
7380
7419
7543
7578
7726
7761
7887
7923
8060
8092
8212
8251
8390
8433
8545
8583
8719
8758
122
298
508
662
835
1062
1256
1450
1616
1807
2004
2195
2256
2582
2756
2933
3120
3291
3450
3621
3784
3968
4137
4327
4487
4657
4814
4996
5145
5322
5487
5700
5858
6042
6202
6372
6529
6711
6860
7037
7202
7415
7573
7757
7917
8087
8244
8426
8575
8752
2
175
880
884
1310
1867
2062
2066
2252
2633
3004
3184
3671
4203
4374
4880
5371
5918
6089
6595
7086
7633
7804
8310
3
176
881
885
1311
1868
2063
2067
2253
2634
3005
3185
3672
4204
4375
4881
5372
5919
6090
6596
7087
7634
7805
8311
177
182
886
936
1312
1869
2068
2245
2454
2803
3006
3349
3673
4205
4541
5048
5373
5920
6256
6763
7088
7635
7971
8478
178
183
887
937
1313
1870
2069
2246
2455
2804
3007
3350
3674
4206
4542
5049
5374
5921
6257
6764
7089
7636
7972
8479
179
184
888
1119
1314
1871
2070
2247
2456
2805
3008
3351
3675
4207
4543
5050
5375
5922
6258
6765
7090
7637
7973
8480
185
373
889
1120
1509
1872
2071
2248
2457
3000
3009
3512
3838
4378
4709
5211
5566
6093
6424
6926
7281
7808
8139
8641
374
381
940
1121
1510
1873
2072
2249
2458
3001
3010
3513
3839
4379
4710
5212
5567
6094
6425
6927
7282
7809
8140
8642
375
382
941
1304
1511
1874
2073
2443
2637
3011
3178
3678
3840
4380
4874
5378
5568
6095
6589
7093
7283
7810
8304
376
383
942
1305
1512
1875
2074
2444
2638
3012
3179
3679
3841
4381
4875
5379
5569
6096
6590
7094
7284
7811
8305
377
563
943
1306
1680
1876
2075
2445
2639
3013
3180
3680
3842
4382
4876
5380
5570
6097
6591
7095
7285
7812
8306
378
564
944
1307
1681
1877
2076
2446
2640
3014
3181
3681
3843
4383
4877
5381
5571
6098
6592
7096
7286
7813
8307
557
565
945
1504
1682
1878
2077
2447
2641
3015
3344
3846
4017
4546
5043
5574
5749
6261
6758
7289
7464
7976
8473
558
566
1124
1505
1683
1879
2078
2448
2642
3016
3345
3847
4018
4547
5044
5575
5750
6262
6759
7290
7465
7977
8474
559
567
1125
1506
1684
1880
2079
2449
2808
3017
3346
3848
4019
4548
5045
5576
5751
6263
6760
7291
7466
7978
8475
560
717
1126
1669
1881
1891
2080
2450
2809
3018
3508
4020
4023
4549
5207
5752
5755
6264
6922
7467
7470
7979
8637
714
718
1127
1670
1882
1892
2081
2451
2810
3019
3509
4024
4200
4713
5208
5756
5915
6428
6923
7471
7630
8143
8638
69
123
129
509
840
996
2011
2257
2364
2583
2693
3128
3910
3969
3973
4332
4435
5323
5516
5642
5701
6047
6150
7038
7231
7357
7416
7762
7865
8753
70
124
130
510
841
997
2012
2258
2365
2584
2694
3129
3911
3970
3974
4333
4436
5324
5517
5643
5702
6048
6151
7039
7232
7358
7417
7763
7866
8754
71
125
131
663
1069
1195
2013
2259
2366
2757
2882
3130
3912
3975
4138
4494
4609
5325
5518
5644
5859
6209
6324
7040
7233
7359
7574
7924
8039
8755
72
126
132
664
1070
1196
2014
2260
2367
2758
2883
3131
3913
3976
4139
4495
4610
5326
5519
5645
5860
6210
6325
7041
7234
7360
7575
7925
8040
8756
73
133
299
665
1071
1197
2015
2261
2514
2759
2884
3299
3914
4140
4143
4496
4611
5488
5520
5646
5861
6211
6326
7203
7235
7361
7576
7926
8041
244
300
327
836
1261
1366
2201
2262
2515
2760
3069
3300
3915
4144
4328
4663
4763
5489
5521
5647
6043
6378
6478
7204
7236
7362
7758
8093
8193
245
301
328
837
1262
1367
2202
2263
2516
2934
3070
3301
4088
4145
4329
4664
4764
5490
5705
5809
6044
6379
6479
7205
7420
7524
7759
8094
8194
246
329
1263
1385
2203
2517
3236
3459
4089
4146
4822
4935
5706
5810
6537
6650
7421
7525
8252
8365
247
330
1264
1386
2204
2518
3237
3460
4090
4147
4823
4936
5707
5811
6538
6651
7422
7526
8253
8366
248
331
1387
1457
2205
2519
3238
3461
4091
4148
4824
4937
5708
5812
6539
6652
7423
7527
8254
8367
332
449
1458
1574
2289
2520
3239
3462
4149
4265
4825
4938
5864
5980
6540
6653
7579
7695
8255
8368
450
513
1459
1575
2290
2521
3403
3463
4150
4266
5004
5098
5865
5981
6719
6813
7580
7696
8434
8528
451
514
1576
1622
2291
2522
3404
3628
4151
4267
5005
5099
5866
5982
6720
6814
7581
7697
8435
8529
452
515
1623
1751
2292
2523
3405
3629
4152
4268
5006
5100
5867
5983
6721
6815
7582
7698
8436
8530
453
516
1752
1813
2293
2524
3568
3630
4153
4269
5154
5269
5868
5984
6869
6984
7583
7699
8584
8699
454
668
1753
1814
2294
2525
3569
3631
4154
4270
5155
5270
5869
5985
6870
6985
7584
7700
8585
8700
620
669
1754
1815
2526
2587
3570
3632
4155
4271
5156
5271
5870
5986
6871
6986
7585
7701
8586
8701
621
670
1816
1953
2527
2588
3571
3788
4156
4272
5157
5272
5871
5987
6872
6987
7586
7702
8587
8702
622
671
1817
1954
2528
2763
3572
3789
4157
4273
5158
5273
5872
5988
6873
6988
7587
7703
8588
8703
623
672
1818
1955
2529
2764
3734
3790
4158
4274
5329
5437
5873
5989
7044
7152
7588
7704
8759
673
787
1819
1956
2530
2765
3735
3791
4159
4275
5330
5438
5874
5990
7045
7153
7589
7705
8760
674
788
1820
1957
2531
2939
3736
3792
4160
4276
5331
5439
5875
5991
7046
7154
7590
7706
8761
675
789
1821
2130
2532
2940
3737
3793
4161
4277
5332
5440
5876
5992
7047
7155
7591
7707
8762
77
254
460
625
794
1008
1200
1392
1421
1579
1761
1961
2134
2370
2537
2705
2887
3074
3242
3410
3576
3743
3921
4096
4282
4447
4614
4768
4941
5105
5277
5446
5653
5817
5997
6162
6329
6483
6656
6820
6992
7161
7368
7532
7712
7877
8044
8198
8371
8535
8707
11
80
136
724
798
1074
1214
1518
1765
1824
1898
2373
2539
2768
2891
3027
3134
3245
3412
3856
4100
4164
4213
4618
4828
4944
5107
5220
5821
5879
5928
6333
6543
6659
6822
6935
7536
7594
7643
8048
8258
8374
8537
8650
12
81
137
725
799
1075
1215
1519
1766
1825
1899
2374
2540
2769
2892
3028
3135
3246
3413
3857
4101
4165
4214
4619
4829
4945
5108
5221
5822
5880
5929
6334
6544
6660
6823
6936
7537
7595
7644
8049
8259
8375
8538
8651
13
82
138
800
896
1076
1216
1691
1767
1826
1900
2375
2541
2770
2893
3029
3247
3304
3579
3858
4102
4166
4390
4620
4946
5009
5222
5280
5823
5881
6105
6335
6661
6724
6937
6995
7538
7596
7820
8050
8376
8439
8652
8710
14
139
256
801
897
1077
1217
1692
1827
1901
1964
2376
2542
2771
2894
3030
3248
3305
3580
3859
4167
4286
4391
4621
4947
5010
5223
5281
5882
6001
6106
6336
6662
6725
6938
6996
7597
7716
7821
8051
8377
8440
8653
8711
15
257
335
802
898
1267
1396
1693
1828
1902
1965
2377
2543
2895
2943
3193
3249
3306
3581
4031
4168
4287
4392
4622
4948
5011
5224
5282
5883
6002
6107
6337
6663
6726
6939
6997
7598
7717
7822
8052
8378
8441
8654
8712
193
336
464
951
1012
1268
1397
1694
1966
2018
2089
2378
2709
2896
2944
3194
3250
3466
3745
4032
4288
4336
4555
4623
4949
5161
5389
5448
6003
6051
6270
6338
6664
6876
7104
7163
7718
7766
7985
8053
8379
8591
194
337
465
952
1013
1269
1425
1695
2019
2090
2136
2379
2710
2945
3078
3195
3251
3467
3746
4033
4289
4337
4556
4772
4950
5162
5390
5449
6004
6052
6271
6487
6665
6877
7105
7164
7719
7767
7986
8202
8380
8592
195
519
953
1270
1696
2020
2091
2946
3359
3635
4034
4338
4721
5335
5391
6053
6436
7050
7106
7768
8151
8765
196
520
1135
1271
1697
2021
2092
2947
3360
3636
4035
4339
4722
5336
5392
6054
6437
7051
7107
7769
8152
8766
197
521
1136
1462
1698
2208
2318
2948
3361
3637
4036
4340
4723
5337
5393
6055
6438
7052
7108
7770
8153
8767
198
522
1321
1463
1699
2209
2319
2949
3362
3638
4037
4341
4724
5338
5394
6056
6439
7053
7109
7771
8154
8768
391
523
1322
1464
1700
2297
2320
2950
3363
3796
4038
4499
4889
5524
5584
6214
6604
7239
7299
7929
8319
392
678
1323
1465
1701
2298
2466
2951
3521
3797
4039
4500
4890
5525
5585
6215
6605
7240
7300
7930
8320
393
679
1324
1626
1702
2299
2467
2952
3522
3798
4040
4501
4891
5526
5586
6216
6606
7241
7301
7931
8321
394
680
1325
1627
1703
2591
2649
2953
3523
3979
4041
4502
5058
5587
5711
6217
6773
7302
7426
7932
8488
574
681
1326
1628
1704
2592
2650
2954
3524
3980
4042
4667
5059
5712
5763
6382
6774
7427
7478
8097
8489
575
682
1327
1629
1705
2593
2651
2955
3525
3981
4043
4668
5060
5713
5764
6383
6775
7428
7479
8098
8490
576
844
1328
1630
1706
2594
2816
2956
3689
3982
4044
4669
5061
5714
5765
6384
6776
7429
7480
8099
8491
577
845
1329
1631
1707
2595
2817
2957
3690
3983
4045
4670
5062
5715
5766
6385
6777
7430
7481
8100
8492
16
113
142
578
825
899
1082
1245
1608
1833
1903
2431
2652
2925
2962
3470
3691
3957
4393
4507
4649
5165
5395
5689
6108
6222
6364
6880
7110
7404
7823
7937
8079
8595
17
114
143
579
826
900
1083
1246
1609
1834
1904
2432
2653
2926
2963
3471
3692
3958
4394
4508
4650
5166
5396
5690
6109
6223
6365
6881
7111
7405
7824
7938
8080
8596
18
115
144
580
827
954
1084
1247
1795
1835
1905
2433
2818
2964
3111
3641
3693
3959
4509
4557
4805
5341
5397
5691
6224
6272
6520
7056
7112
7406
7939
7987
8235
8771
19
287
340
581
828
955
1085
1248
1796
1906
2024
2572
2819
2965
3112
3642
3694
3960
4510
4558
4806
5342
5398
5692
6225
6273
6521
7057
7113
7407
7940
7988
8236
8772
20
288
341
726
1044
1086
1137
1249
1797
1907
2025
2573
2820
2966
3113
3643
3695
3961
4511
4559
4807
5343
5399
5693
6226
6274
6522
7058
7114
7408
7941
7989
8237
8773
199
289
527
727
1045
1138
1275
1433
1798
2026
2093
2574
2967
3031
3283
3801
3860
4125
4675
4725
4988
5529
5588
5846
6390
6440
6703
7244
7303
7561
8105
8155
8418
200
290
528
728
1046
1139
1276
1434
1799
2094
2212
2575
3032
3140
3284
3802
3861
4126
4676
4726
4989
5530
5589
5847
6391
6441
6704
7245
7304
7562
8106
8156
8419
201
291
529
729
1047
1277
1330
1435
1800
2213
2321
2741
3141
3196
3440
3862
3987
4127
4677
4892
5135
5590
5719
5848
6392
6607
6850
7305
7434
7563
8107
8322
8565
202
497
530
730
1048
1278
1331
1436
1995
2304
2322
2742
3142
3197
3441
3863
3988
4128
4678
4893
5136
5591
5720
5849
6393
6608
6851
7306
7435
7564
8108
8323
8566
203
498
684
731
1049
1332
1437
1467
1996
2305
2323
2743
3143
3198
3442
3864
3989
4129
4679
4894
5137
5592
5721
5850
6394
6609
6852
7307
7436
7565
8109
8324
8567
395
499
685
732
1050
1333
1438
1468
1997
2324
2600
2744
3199
3309
3443
3865
3990
4130
4680
4895
5138
5593
5722
5851
6395
6610
6853
7308
7437
7566
8110
8325
8568
396
500
686
733
1051
1439
1469
1520
2170
2468
2601
2745
3310
3364
3612
4046
4170
4317
4834
5063
5313
5767
5885
6032
6549
6778
7028
7482
7600
7747
8264
8493
8743
397
501
734
850
1052
1440
1470
1521
2171
2469
2602
2746
3311
3365
3613
4047
4171
4318
4835
5064
5314
5768
5886
6033
6550
6779
7029
7483
7601
7748
8265
8494
8744
398
653
735
851
1053
1441
1471
1522
2172
2470
2603
2747
3312
3366
3614
4048
4172
4319
4836
5065
5315
5769
5887
6034
6551
6780
7030
7484
7602
7749
8266
8495
8745
399
654
736
852
1054
1442
1636
1708
2187
2471
2604
2748
3313
3526
3776
4049
4320
4346
4837
5225
5479
5770
6035
6061
6552
6940
7194
7485
7750
7776
8267
8655
400
655
737
853
1055
1443
1637
1709
2188
2472
2749
2776
3314
3527
3777
4215
4347
4480
5014
5226
5480
5930
6062
6195
6729
6941
7195
7645
7777
7910
8444
8656
24
302
959
1063
1335
1711
2264
2823
2935
3034
4219
4488
4728
5491
5934
6203
6443
7206
7649
7918
8158
25
303
960
1064
1336
1712
2265
2824
2936
3035
4220
4489
4729
5492
5935
6204
6444
7207
7650
7919
8159
26
304
961
1065
1337
1713
2266
2825
3121
3202
4221
4490
4898
5493
5936
6205
6613
7208
7651
7920
8328
27
305
962
1066
1338
1714
2267
2826
3122
3203
4222
4491
4899
5494
5937
6206
6614
7209
7652
7921
8329
207
306
1142
1257
1339
1715
2268
2827
3123
3204
4223
4658
4900
5495
5938
6373
6615
7210
7653
8088
8330
208
307
1143
1258
1525
1911
2269
2828
3124
3368
4224
4659
5067
5496
5939
6374
6782
7211
7654
8089
8497
209
308
1144
1451
1526
1912
2270
2829
3125
3369
4398
4660
5068
5497
6113
6375
6783
7212
7828
8090
8498
309
404
1145
1452
1527
1913
2271
2830
3292
3531
4399
4815
5230
5498
6114
6530
6945
7213
7829
8245
8660
310
405
1146
1453
1528
1914
2272
2831
3293
3532
4400
4816
5231
5499
6115
6531
6946
7214
7830
8246
8661
311
406
1147
1454
1529
2098
2273
2832
3294
3533
4401
4817
5232
5500
6116
6532
6947
7215
7831
8247
8662
312
407
1148
1530
1617
2099
2274
2833
3295
3534
4562
4818
5233
5501
6277
6533
6948
7216
7992
8248
8663
313
408
1149
1531
1618
2275
2327
2834
3296
3699
4563
4819
5403
5502
6278
6534
7118
7217
7993
8249
314
585
1150
1532
1619
2276
2328
2835
3451
3700
4564
4997
5404
5503
6279
6712
7119
7218
7994
8427
315
586
1151
1533
1808
2277
2329
2836
3452
3701
4565
4998
5405
5504
6280
6713
7120
7219
7995
8428
316
587
1152
1534
1809
2278
2474
2837
3453
3869
4566
4999
5505
5597
6281
6714
7220
7312
7996
8429
317
588
1153
1535
1810
2279
2475
2838
3454
3870
4567
5000
5506
5598
6282
6715
7221
7313
7997
8430
318
589
1154
1536
2005
2280
2476
2839
3455
3871
4568
5001
5507
5599
6283
6716
7222
7314
7998
8431
319
741
1155
1537
2006
2281
2477
2840
3456
3872
4569
5146
5508
5600
6284
6861
7223
7315
7999
8576
320
742
1156
1538
2007
2282
2478
2841
3622
3873
4570
5147
5509
5601
6285
6862
7224
7316
8000
8577
321
743
1157
1539
2008
2283
2479
2842
3623
4053
4571
5148
5510
5774
6286
6863
7225
7489
8001
8578
322
744
1158
1540
2196
2284
2657
2843
3624
4054
4572
5149
5511
5775
6287
6864
7226
7490
8002
8579
323
745
1159
1541
2197
2285
2658
2844
3625
4055
4573
5150
5512
5776
6288
6865
7227
7491
8003
8580
324
746
1160
1542
2198
2286
2659
2845
3785
4056
4574
5151
5513
5777
6289
6866
7228
7492
8004
8581
904
1161
1543
2660
2846
4057
4575
5778
6290
7493
8005
100
274
485
645
817
1034
1235
1412
1600
1785
1984
2034
2167
2418
2562
2731
2917
3100
3272
3430
3599
3763
3945
4117
4309
4470
4641
4794
4977
5125
5300
5466
5677
5838
6024
6185
6356
6509
6692
6840
7015
7181
7392
7553
7739
7900
8071
8224
8407
8555
8730
97
1029
1782
2415
2911
3428
4304
4790
5123
6019
6505
6838
7734
8220
8553
98
1030
1783
2416
2912
3429
4305
4791
5124
6020
6506
6839
7735
8221
8554
99
1031
1784
2417
2913
3596
4306
4792
5297
6021
6507
7012
7736
8222
8727
272
1032
1981
2557
2914
3597
4307
4793
5298
6022
6508
7013
7737
8223
8728
273
1033
1982
2558
2915
3598
4308
4968
5299
6023
6683
7014
7738
8398
8729
481
1231
1983
2559
2916
3761
4465
4969
5464
6180
6684
7179
7895
8399
482
1232
2030
2560
3096
3762
4466
4970
5465
6181
6685
7180
7896
8400
483
1233
2031
2561
3097
3941
4467
4971
5673
6182
6686
7388
7897
8401
484
1234
2032
2726
3098
3942
4468
4972
5674
6183
6687
7389
7898
8402
642
1410
2033
2727
3099
3943
4469
4973
5675
6184
6688
7390
7899
8403
643
1411
2164
2728
3269
3944
4638
4974
5676
6353
6689
7391
8068
8404
644
1598
2165
2729
3270
4115
4639
4975
5836
6354
6690
7551
8069
8405
816
1599
2166
2730
3271
4116
4640
4976
5837
6355
6691
7552
8070
8406
74
790
1198
1755
2533
2885
3738
4278
4612
5441
5993
6327
7156
7708
8042
75
791
1199
1756
2534
2886
3739
4279
4613
5442
5994
6328
7157
7709
8043
76
792
1388
1757
2535
3071
3740
4280
4765
5443
5995
6480
7158
7710
8195
249
793
1389
1758
2536
3072
3741
4281
4766
5444
5996
6481
7159
7711
8196
250
998
1390
1759
2695
3073
3742
4437
4767
5445
6152
6482
7160
7867
8197
251
999
1391
1760
2696
3240
3916
4438
4939
5648
6153
6654
7363
7868
8369
252
1000
1415
1958
2697
3241
3917
4439
4940
5649
6154
6655
7364
7869
8370
253
1001
1416
1959
2698
3406
3918
4440
5101
5650
6155
6816
7365
7870
8531
455
1002
1417
1960
2699
3407
3919
4441
5102
5651
6156
6817
7366
7871
8532
456
1003
1418
2131
2700
3408
3920
4442
5103
5652
6157
6818
7367
7872
8533
457
1004
1419
2132
2701
3409
4092
4443
5104
5813
6158
6819
7528
7873
8534
458
1005
1420
2133
2702
3573
4093
4444
5274
5814
6159
6989
7529
7874
8704
459
1006
1577
2368
2703
3574
4094
4445
5275
5815
6160
6990
7530
7875
8705
624
1007
1578
2369
2704
3575
4095
4446
5276
5816
6161
6991
7531
7876
8706
116
134
292
333
502
517
656
676
829
842
1056
1072
1250
1265
1444
1460
1610
1624
1801
1822
1998
2016
2173
2189
2206
2295
2576
2589
2750
2766
2927
2941
3114
3132
3285
3302
3444
3464
3615
3633
3778
3794
3962
3977
4131
4162
4321
4334
4481
4497
4651
4665
4808
4826
4990
5007
5139
5159
5316
5333
5481
5522
5694
5709
5852
5877
6036
6049
6196
6212
6366
6380
6523
6541
6705
6722
6854
6874
7031
7048
7196
7237
7409
7424
7567
7592
7751
7764
7911
7927
8081
8095
8238
8256
8420
8437
8569
8589
8746
8763
60
117
238
293
437
503
615
657
781
830
991
1057
1190
1251
1360
1377
1445
1570
1611
1746
1802
1944
1999
2126
2174
2190
2356
2508
2577
2689
2751
2875
2928
3063
3115
3231
3286
3395
3445
3561
3616
3727
3779
3902
3963
4083
4132
4259
4322
4430
4482
4604
4652
4757
4809
4927
4991
5094
5140
5260
5317
5431
5482
5630
5695
5804
5853
5974
6037
6145
6197
6319
6367
6472
6524
6642
6706
6809
6855
6975
7032
7146
7197
7345
7410
7519
7568
7689
7752
7860
7912
8034
8082
8187
8239
8357
8421
8524
8570
8690
8747
37
107
218
281
416
492
756
822
972
1240
1349
1553
1605
1924
1989
2109
2157
2181
2425
2489
2569
2856
2922
3214
3279
3542
3606
3710
3770
3881
3952
4234
4314
4585
4646
4910
4984
5241
5307
5414
5473
5609
5684
5949
6029
6300
6361
6625
6699
6956
7022
7129
7188
7324
7399
7664
7744
8015
8076
8340
8414
8671
8737
38
108
219
282
417
493
757
823
973
1241
1350
1554
1606
1925
1990
2110
2158
2182
2426
2490
2570
2857
2923
3215
3280
3543
3607
3711
3771
3882
3953
4235
4315
4586
4647
4911
4985
5242
5308
5415
5474
5610
5685
5950
6030
6301
6362
6626
6700
6957
7023
7130
7189
7325
7400
7665
7745
8016
8077
8341
8415
8672
8738
39
109
220
283
418
494
914
974
1040
1242
1351
1725
1791
1926
1991
2111
2159
2183
2427
2670
2737
3045
3107
3216
3281
3544
3608
3712
3772
3883
3954
4411
4476
4739
4801
4912
4986
5243
5309
5416
5475
5611
5686
6126
6191
6454
6516
6627
6701
6958
7024
7131
7190
7326
7401
7841
7906
8169
8231
8342
8416
8673
8739
40
110
221
284
419
495
915
1041
1171
1243
1352
1726
1792
1927
1992
2112
2160
2184
2428
2671
2738
3046
3108
3378
3437
3545
3609
3713
3773
3884
3955
4412
4477
4740
4802
5077
5132
5244
5310
5417
5476
5612
5687
6127
6192
6455
6517
6792
6847
6959
7025
7132
7191
7327
7402
7842
7907
8170
8232
8507
8562
8674
8740
41
111
222
285
599
651
916
1042
1172
1353
1431
1727
1793
1928
1993
2161
2185
2339
2429
2672
2739
3047
3109
3379
3438
3546
3610
3714
3774
4067
4123
4413
4478
4741
4803
5078
5133
5245
5311
5418
5477
5788
5844
6128
6193
6456
6518
6793
6848
6960
7026
7133
7192
7503
7559
7843
7908
8171
8233
8508
8563
8675
8741
33
214
412
595
752
910
968
1167
1345
1549
1721
1920
2105
2335
2485
2666
2852
3041
3210
3374
3538
3706
3877
4063
4230
4407
4581
4735
4906
5073
5237
5410
5605
5784
5945
6122
6296
6450
6621
6788
6952
7125
7320
7499
7660
7837
8011
8165
8336
8503
8667
32
213
411
594
751
909
967
1166
1344
1548
1720
1919
2104
2334
2484
2665
2851
3040
3209
3373
3537
3705
3876
4062
4229
4406
4580
4734
4905
5072
5236
5409
5604
5783
5944
6121
6295
6449
6620
6787
6951
7124
7319
7498
7659
7836
8010
8164
8335
8502
8666
119
295
505
659
832
1059
1253
1447
1613
1804
2001
2176
2192
2579
2753
2930
3117
3288
3447
3618
3781
3965
4134
4324
4484
4654
4811
4993
5142
5319
5484
5697
5855
6039
6199
6369
6526
6708
6857
7034
7199
7412
7570
7754
7914
8084
8241
8423
8572
8749
47
227
426
603
767
919
977
1176
1356
1558
1732
1931
2115
2344
2494
2675
2861
3050
3219
3383
3552
3716
3891
4071
4245
4416
4590
4744
4915
5082
5251
5420
5619
5792
5960
6131
6305
6459
6630
6797
6966
7135
7334
7507
7675
7846
8020
8174
8345
8512
8681
51
58
231
236
430
435
607
613
771
779
981
989
1180
1188
1204
1212
1368
1375
1562
1568
1736
1744
1935
1942
2118
2124
2346
2354
2498
2506
2679
2687
2865
2873
3053
3061
3221
3229
3386
3393
3554
3559
3720
3725
3895
3900
4075
4081
4249
4257
4420
4428
4594
4602
4747
4755
4917
4925
5085
5092
5253
5258
5424
5429
5623
5628
5796
5802
5964
5972
6135
6143
6309
6317
6462
6470
6632
6640
6800
6807
6968
6973
7139
7144
7338
7343
7511
7517
7679
7687
7850
7858
8024
8032
8177
8185
8347
8355
8515
8522
8683
8688
52
59
232
237
431
436
608
614
772
780
982
990
1181
1189
1205
1213
1369
1376
1563
1569
1737
1745
1936
1943
2119
2125
2347
2355
2499
2507
2680
2688
2866
2874
3054
3062
3222
3230
3387
3394
3555
3560
3721
3726
3896
3901
4076
4082
4250
4258
4421
4429
4595
4603
4748
4756
4918
4926
5086
5093
5254
5259
5425
5430
5624
5629
5797
5803
5965
5973
6136
6144
6310
6318
6463
6471
6633
6641
6801
6808
6969
6974
7140
7145
7339
7344
7512
7518
7680
7688
7851
7859
8025
8033
8178
8186
8348
8356
8516
8523
8684
8689
106
280
491
821
1239
1604
1988
2156
2180
2424
2568
2921
3106
3278
3436
3605
3769
3951
4313
4645
4800
4983
5131
5306
5472
5683
6028
6360
6515
6698
6846
7021
7187
7398
7743
8075
8230
8413
8561
8736
78
101
275
461
486
626
646
795
818
1009
1035
1201
1236
1393
1413
1422
1580
1601
1762
1786
1962
1985
2035
2168
2371
2419
2563
2706
2732
2888
2918
3075
3101
3243
3273
3431
3577
3600
3764
3922
3946
4097
4118
4283
4310
4448
4471
4615
4642
4769
4795
4942
4978
5126
5278
5301
5467
5654
5678
5818
5839
5998
6025
6163
6186
6330
6357
6484
6510
6657
6693
6841
6993
7016
7182
7369
7393
7533
7554
7713
7740
7878
7901
8045
8072
8199
8225
8372
8408
8556
8708
8731
79
102
276
462
487
627
647
796
819
1010
1036
1202
1237
1394
1414
1423
1581
1602
1763
1787
1963
1986
2036
2169
2372
2420
2564
2707
2733
2889
2919
3076
3102
3244
3274
3432
3578
3601
3765
3923
3947
4098
4119
4284
4311
4449
4472
4616
4643
4770
4796
4943
4979
5127
5279
5302
5468
5655
5679
5819
5840
5999
6026
6164
6187
6331
6358
6485
6511
6658
6694
6842
6994
7017
7183
7370
7394
7534
7555
7714
7741
7879
7902
8046
8073
8200
8226
8373
8409
8557
8709
8732
6
188
255
386
463
570
628
721
797
892
948
1011
1130
1203
1317
1395
1424
1515
1582
1687
1764
1895
2084
2135
2313
2461
2538
2645
2708
2813
2890
3022
3077
3188
3354
3411
3516
3684
3744
3851
3924
4027
4099
4210
4285
4386
4450
4552
4617
4716
4771
4884
5053
5106
5215
5384
5447
5579
5656
5759
5820
5925
6000
6101
6165
6267
6332
6431
6486
6599
6768
6821
6930
7099
7162
7294
7371
7474
7535
7640
7715
7816
7880
7982
8047
8146
8201
8314
8483
8536
8645
7
135
189
334
387
518
571
677
722
843
893
949
1073
1131
1266
1318
1461
1516
1625
1688
1823
1896
2017
2085
2207
2296
2314
2462
2590
2646
2767
2814
2942
3023
3133
3189
3303
3355
3465
3517
3634
3685
3795
3852
3978
4028
4163
4211
4335
4387
4498
4553
4666
4717
4827
4885
5008
5054
5160
5216
5334
5385
5523
5580
5710
5760
5878
5926
6050
6102
6213
6268
6381
6432
6542
6600
6723
6769
6875
6931
7049
7100
7238
7295
7425
7475
7593
7641
7765
7817
7928
7983
8096
8147
8257
8315
8438
8484
8590
8646
8764
35
112
216
286
414
496
597
652
754
824
912
970
1043
1169
1244
1347
1432
1551
1607
1723
1794
1922
1994
2107
2162
2186
2337
2430
2487
2571
2668
2740
2854
2924
3043
3110
3212
3282
3376
3439
3540
3611
3708
3775
3879
3956
4065
4124
4232
4316
4409
4479
4583
4648
4737
4804
4908
4987
5075
5134
5239
5312
5412
5478
5607
5688
5786
5845
5947
6031
6124
6194
6298
6363
6452
6519
6623
6702
6790
6849
6954
7027
7127
7193
7322
7403
7501
7560
7662
7746
7839
7909
8013
8078
8167
8234
8338
8417
8505
8564
8669
8742
36
92
217
267
415
476
598
637
755
811
913
971
1024
1170
1226
1348
1405
1552
1593
1724
1777
1886
1923
1976
2108
2149
2338
2410
2488
2552
2669
2721
2855
2906
3044
3091
3213
3264
3377
3423
3541
3591
3709
3756
3880
3936
4066
4110
4233
4299
4410
4460
4584
4633
4738
4785
4909
4963
5076
5118
5240
5292
5413
5459
5608
5668
5787
5831
5948
6014
6125
6175
6299
6348
6453
6500
6624
6678
6791
6833
6955
7007
7128
7174
7323
7383
7502
7546
7663
7729
7840
7890
8014
8063
8168
8215
8339
8393
8506
8548
8670
8722
83
258
468
630
803
1017
1218
1398
1584
1671
1768
1967
2140
2383
2544
2714
2897
3082
3255
3414
3582
3747
3928
4103
4291
4453
4624
4776
4954
5109
5283
5450
5660
5824
6006
6168
6339
6491
6669
6824
6998
7165
7375
7539
7721
7883
8054
8206
8384
8539
8713
84
259
469
631
804
1018
1219
1399
1585
1672
1769
1968
2141
2402
2545
2715
2898
3083
3256
3415
3583
3748
3929
4104
4292
4454
4625
4777
4955
5110
5284
5451
5661
5825
6007
6169
6340
6492
6670
6825
6999
7166
7376
7540
7722
7884
8055
8207
8385
8540
8714
103
277
488
648
820
1037
1238
1428
1603
1788
1987
2153
2177
2421
2565
2734
2920
3103
3275
3433
3602
3766
3948
4120
4312
4473
4644
4797
4980
5128
5303
5469
5680
5841
6027
6188
6359
6512
6695
6843
7018
7184
7395
7556
7742
7903
8074
8227
8410
8558
8733
118
294
504
658
831
1058
1252
1446
1612
1803
2000
2175
2191
2578
2752
2929
3116
3287
3446
3617
3780
3964
4133
4323
4483
4653
4810
4992
5141
5318
5483
5696
5854
6038
6198
6368
6525
6707
6856
7033
7198
7411
7569
7753
7913
8083
8240
8422
8571
8748
4
186
384
568
719
890
946
1128
1315
1513
1685
1893
2082
2311
2459
2643
2811
3020
3186
3352
3514
3682
3849
4025
4208
4384
4550
4714
4882
5051
5213
5382
5577
5757
5923
6099
6265
6429
6597
6766
6928
7097
7292
7472
7638
7814
7980
8144
8312
8481
8643
55
432
611
775
985
1184
1208
1564
1740
1939
2122
2350
2502
2683
2869
3057
3225
3556
3897
4079
4253
4424
4598
4751
4921
5255
5625
5800
5968
6139
6313
6466
6636
6970
7340
7515
7683
7854
8028
8181
8351
8685
50
230
235
429
606
612
770
778
922
980
988
1179
1187
1211
1359
1374
1561
1567
1735
1743
1934
2123
2345
2353
2497
2505
2678
2686
2864
2872
3060
3220
3228
3392
3553
3719
3724
3894
4074
4080
4248
4256
4419
4427
4593
4601
4754
4916
4924
5091
5252
5423
5428
5622
5795
5801
5963
5971
6134
6142
6308
6316
6469
6631
6639
6806
6967
7138
7143
7337
7510
7516
7678
7686
7849
7857
8023
8031
8184
8346
8354
8521
8682
8789
8790
8792
8793
8791
8794
8795
8796
8797
8798
8799
8800
8801
8802
8803
8804
8805
8806
8807
8808
8809
8810
8811
8812
8813
8814
8815
8816
8817
8818
8819
8820
8821
8822
8823
8825
8829
8824
8826
8827
8828
8830
8831
8832
8833
8834
8835
8836
8837
8838
8839
8840
8841
8842
8843
8844
8845
158
357
542
698
864
1100
1287
1487
1650
1849
2045
2227
2395
2617
2787
2981
3160
3327
3490
3656
3822
4002
4184
4358
4525
4690
4856
5026
5189
5356
5550
5734
5899
6073
6240
6405
6571
6741
6904
7071
7265
7449
7614
7788
7955
8120
8286
8456
8619
8786
42
85
260
420
470
758
805
917
1220
1555
1586
1673
1770
1969
2113
2142
2403
2546
2673
2899
3084
3257
3380
3416
3584
3749
3885
3930
4236
4293
4414
4626
4778
4956
5079
5111
5285
5452
5613
5662
5951
6008
6129
6341
6493
6671
6794
6826
7000
7167
7328
7377
7666
7723
7844
8056
8208
8386
8509
8541
8715
43
86
261
421
471
759
806
918
1221
1556
1587
1674
1771
1970
2114
2143
2404
2547
2674
2900
3085
3258
3381
3417
3585
3750
3886
3931
4237
4294
4415
4627
4779
4957
5080
5112
5286
5453
5614
5663
5952
6009
6130
6342
6494
6672
6795
6827
7001
7168
7329
7378
7667
7724
7845
8057
8209
8387
8510
8542
8716
44
95
270
422
479
640
760
814
975
1027
1229
1408
1557
1596
1780
1889
1979
2152
2340
2413
2555
2724
2858
2909
3094
3267
3382
3426
3594
3759
3887
3939
4113
4238
4302
4463
4587
4636
4788
4966
5081
5121
5295
5462
5615
5671
5834
5953
6017
6178
6302
6351
6503
6681
6796
6836
7010
7177
7330
7386
7549
7668
7732
7893
8017
8066
8218
8396
8511
8551
8725
45
93
268
423
477
638
761
812
976
1025
1227
1406
1594
1728
1778
1887
1977
2150
2341
2411
2553
2722
2859
2907
3092
3265
3424
3547
3592
3757
3888
3937
4111
4239
4300
4461
4588
4634
4786
4964
5119
5246
5293
5460
5616
5669
5832
5954
6015
6176
6303
6349
6501
6679
6834
6961
7008
7175
7331
7384
7547
7669
7730
7891
8018
8064
8216
8394
8549
8676
8723
46
94
269
424
478
639
762
813
1026
1173
1228
1407
1595
1729
1779
1888
1978
2151
2342
2412
2554
2723
2860
2908
3093
3266
3425
3548
3593
3758
3889
3938
4112
4240
4301
4462
4589
4635
4787
4965
5120
5247
5294
5461
5617
5670
5833
5955
6016
6177
6304
6350
6502
6680
6835
6962
7009
7176
7332
7385
7548
7670
7731
7892
8019
8065
8217
8395
8550
8677
8724
87
223
262
425
632
763
1019
1174
1400
1588
1675
1730
1772
1971
2144
2343
2405
2716
2901
3048
3086
3259
3418
3549
3586
3751
3890
4105
4241
4455
4628
4742
4780
4958
5113
5248
5287
5454
5618
5826
5956
6170
6343
6457
6495
6673
6828
6963
7002
7169
7333
7541
7671
7885
8058
8172
8210
8388
8543
8678
8717
224
466
600
764
1014
1175
1426
1731
2137
2380
2491
2711
3049
3079
3252
3550
3925
4068
4242
4290
4743
4773
4951
5249
5657
5789
5957
6005
6458
6488
6666
6964
7372
7504
7672
7720
8173
8203
8381
8679
225
467
601
765
1015
1354
1427
1929
2138
2381
2492
2712
3080
3217
3253
3551
3926
4069
4243
4451
4774
4913
4952
5250
5658
5790
5958
6166
6489
6628
6667
6965
7373
7505
7673
7881
8204
8343
8382
8680
226
602
629
766
1016
1355
1583
1930
2139
2382
2493
2713
3081
3218
3254
3715
3927
4070
4244
4452
4775
4914
4953
5419
5659
5791
5959
6167
6490
6629
6668
7134
7374
7506
7674
7882
8205
8344
8383
165
364
549
705
871
927
1107
1294
1494
1657
1856
2052
2233
2400
2624
2794
2988
3166
3332
3496
3661
3829
4009
4191
4365
4532
4697
4862
5031
5195
5361
5557
5741
5906
6080
6247
6412
6577
6746
6910
7076
7272
7456
7621
7795
7962
8127
8292
8461
8625
366
707
875
1111
1496
1661
1860
2056
2237
2436
2628
2992
3170
3336
3500
3831
4193
4369
4701
4866
5035
5199
5559
5908
6084
6416
6581
6750
6914
7274
7623
7799
8131
8296
8465
8629
367
708
929
1112
1497
1662
1861
2057
2238
2437
2796
2993
3171
3337
3501
3832
4194
4534
4702
4867
5036
5200
5560
5909
6249
6417
6582
6751
6915
7275
7624
7964
8132
8297
8466
8630
153
172
352
370
537
554
694
711
877
933
1096
1116
1301
1483
1501
1666
1845
1864
2059
2222
2242
2390
2440
2612
2630
2783
2800
2997
3155
3175
3322
3341
3485
3505
3651
3668
3817
3835
3997
4014
4180
4197
4371
4521
4538
4706
4851
4871
5021
5040
5184
5204
5351
5368
5545
5563
5729
5746
5895
5912
6086
6236
6253
6421
6566
6586
6736
6755
6899
6919
7066
7083
7260
7278
7444
7461
7610
7627
7801
7951
7968
8136
8281
8301
8451
8470
8614
8634
8781
154
173
353
371
538
555
695
712
878
934
1097
1117
1302
1484
1502
1667
1846
1865
2060
2223
2243
2391
2441
2613
2631
2784
2801
2998
3156
3176
3323
3342
3486
3506
3652
3669
3818
3836
3998
4015
4181
4198
4372
4522
4539
4707
4852
4872
5022
5041
5185
5205
5352
5369
5546
5564
5730
5747
5896
5913
6087
6237
6254
6422
6567
6587
6737
6756
6900
6920
7067
7084
7261
7279
7445
7462
7611
7628
7802
7952
7969
8137
8282
8302
8452
8471
8615
8635
8782
155
164
354
363
539
548
704
861
870
926
1106
1284
1293
1493
1647
1656
1855
2042
2051
2224
2232
2392
2399
2614
2623
2793
2978
2987
3157
3165
3324
3331
3487
3495
3653
3660
3819
3828
3999
4008
4190
4355
4364
4531
4687
4696
4853
4861
5023
5030
5186
5194
5353
5360
5547
5556
5731
5740
5905
6070
6079
6246
6402
6411
6568
6576
6738
6745
6901
6909
7068
7075
7262
7271
7446
7455
7620
7785
7794
7961
8117
8126
8283
8291
8453
8460
8616
8624
8783
140
147
345
524
533
689
846
857
1078
1092
1272
1280
1477
1632
1642
1829
1840
2022
2037
2217
2300
2309
2596
2608
2772
2780
2958
2973
3136
3148
3307
3319
3477
3639
3646
3806
3984
3993
4175
4342
4351
4503
4517
4671
4682
4830
4844
5012
5018
5176
5339
5346
5534
5716
5725
5890
6057
6066
6218
6232
6386
6397
6545
6559
6727
6733
6891
7054
7061
7249
7431
7440
7605
7772
7781
7933
7947
8101
8112
8260
8274
8442
8448
8606
8769
8776
141
148
346
525
534
690
847
858
1079
1093
1273
1281
1478
1633
1643
1830
1841
2023
2038
2218
2301
2310
2597
2609
2773
2781
2959
2974
3137
3149
3308
3320
3478
3640
3647
3807
3985
3994
4176
4343
4352
4504
4518
4672
4683
4831
4845
5013
5019
5177
5340
5347
5535
5717
5726
5891
6058
6067
6219
6233
6387
6398
6546
6560
6728
6734
6892
7055
7062
7250
7432
7441
7606
7773
7782
7934
7948
8102
8113
8261
8275
8443
8449
8607
8770
8777
167
338
526
551
848
873
1080
1109
1274
1296
1634
1659
1831
1858
2054
2210
2235
2302
2434
2598
2626
2774
2960
2990
3138
3168
3334
3468
3498
3663
3799
3986
4011
4344
4367
4505
4673
4699
4832
4864
5033
5163
5197
5363
5527
5718
5743
6059
6082
6220
6388
6414
6547
6579
6748
6878
6912
7078
7242
7433
7458
7774
7797
7935
8103
8129
8262
8294
8463
8593
8627
168
339
552
683
849
874
1081
1110
1297
1466
1635
1660
1832
1859
2055
2211
2236
2303
2435
2599
2627
2775
2961
2991
3139
3169
3335
3469
3499
3664
3800
4012
4169
4345
4368
4506
4674
4700
4833
4865
5034
5164
5198
5364
5528
5744
5884
6060
6083
6221
6389
6415
6548
6580
6749
6879
6913
7079
7243
7459
7599
7775
7798
7936
8104
8130
8263
8295
8464
8594
8628
67
90
242
265
447
474
618
635
785
809
994
1022
1193
1224
1364
1383
1403
1572
1591
1749
1775
1884
1951
1974
2128
2147
2362
2408
2512
2550
2691
2719
2880
2904
3067
3089
3234
3262
3401
3421
3566
3589
3732
3754
3908
3934
4086
4108
4263
4297
4433
4458
4607
4631
4761
4783
4933
4961
5096
5116
5267
5290
5435
5457
5640
5666
5807
5829
5978
6012
6148
6173
6322
6346
6476
6498
6648
6676
6811
6831
6982
7005
7150
7172
7355
7381
7522
7544
7693
7727
7863
7888
8037
8061
8191
8213
8363
8391
8526
8546
8697
8720
68
91
243
266
448
475
619
636
786
810
995
1023
1194
1225
1365
1384
1404
1573
1592
1750
1776
1885
1952
1975
2129
2148
2363
2409
2513
2551
2692
2720
2881
2905
3068
3090
3235
3263
3402
3422
3567
3590
3733
3755
3909
3935
4087
4109
4264
4298
4434
4459
4608
4632
4762
4784
4934
4962
5097
5117
5268
5291
5436
5458
5641
5667
5808
5830
5979
6013
6149
6174
6323
6347
6477
6499
6649
6677
6812
6832
6983
7006
7151
7173
7356
7382
7523
7545
7694
7728
7864
7889
8038
8062
8192
8214
8364
8392
8527
8547
8698
8721
96
271
480
641
815
1028
1230
1409
1597
1781
1980
2029
2163
2414
2556
2725
2910
3095
3268
3427
3595
3760
3940
4114
4303
4464
4637
4789
4967
5122
5296
5463
5672
5835
6018
6179
6352
6504
6682
6837
7011
7178
7387
7550
7733
7894
8067
8219
8397
8552
8726
104
120
278
296
489
506
649
660
833
1038
1060
1254
1429
1448
1614
1789
1805
2002
2154
2178
2193
2254
2422
2566
2580
2735
2754
2931
3104
3118
3276
3289
3434
3448
3603
3619
3767
3782
3949
3966
4121
4135
4325
4474
4485
4655
4798
4812
4981
4994
5129
5143
5304
5320
5470
5485
5681
5698
5842
5856
6040
6189
6200
6370
6513
6527
6696
6709
6844
6858
7019
7035
7185
7200
7396
7413
7557
7571
7755
7904
7915
8085
8228
8242
8411
8424
8559
8573
8734
8750
105
121
279
297
490
507
650
661
834
1039
1061
1255
1430
1449
1615
1790
1806
2003
2155
2179
2194
2255
2423
2567
2581
2736
2755
2932
3105
3119
3277
3290
3435
3449
3604
3620
3768
3783
3950
3967
4122
4136
4326
4475
4486
4656
4799
4813
4982
4995
5130
5144
5305
5321
5471
5486
5682
5699
5843
5857
6041
6190
6201
6371
6514
6528
6697
6710
6845
6859
7020
7036
7186
7201
7397
7414
7558
7572
7756
7905
7916
8086
8229
8243
8412
8425
8560
8574
8735
8751
54
234
610
774
984
1183
1207
1371
1739
1938
2121
2349
2501
2682
2868
3056
3224
3389
3723
4078
4252
4423
4597
4750
4920
5088
5427
5799
5967
6138
6312
6465
6635
6803
7142
7514
7682
7853
8027
8180
8350
8518
28
210
409
590
747
905
963
1162
1340
1544
1716
1915
2100
2330
2480
2661
2847
3036
3205
3370
3535
3702
3874
4058
4225
4402
4576
4730
4901
5069
5234
5406
5602
5779
5940
6117
6291
6445
6616
6784
6949
7121
7317
7494
7655
7832
8006
8160
8331
8499
8664
157
356
541
697
863
1099
1286
1486
1649
1848
2044
2226
2394
2616
2786
2980
3159
3326
3489
3655
3821
4001
4183
4357
4524
4689
4855
5025
5188
5355
5549
5733
5898
6072
6239
6404
6570
6740
6903
7070
7264
7448
7613
7787
7954
8119
8285
8455
8618
8785
166
365
550
706
872
928
1108
1295
1495
1658
1857
2053
2234
2401
2625
2795
2989
3167
3333
3497
3662
3830
4010
4192
4366
4533
4698
4863
5032
5196
5362
5558
5742
5907
6081
6248
6413
6578
6747
6911
7077
7273
7457
7622
7796
7963
8128
8293
8462
8626
