201.0400
135.3600
136.7415
8847.3000
171.0765
20397.3000
14628.0750
14882.1750
18468.4500
25334.9250
142.4115
136.1115
148.9320
129.8115
142.5690
136.2690
149.0895
129.9690
128.3940
1525.2300
123.6690
136.4895
117.3690
34644.2250
121.4640
1581.9300
146.2860
102.5640
150.7905
5902.0500
7767.3750
3015.8100
3429.0900
3192.2100
3821.5800
2934.5400
11601.9750
16741.7250
22516.7250
551.8800
3176.2500
635.2500
12866.7000
15205.5750
750.7500
1917.3000
3407.2500
808.5000
12191.0250
16106.4750
59.9445
123.5115
117.2115
130.0320
110.9115
123.7320
17319.2250
26559.2250
8737.5750
6416.0250
6098.4000
12693.4500
16100.7000
1276.2750
2003.9250
216.0900
238.7700
7132.1250
143.0415
12872.4750
15326.8500
3713.3250
19952.6250
3044.7900
3495.8700
3775.5900
2979.2700
5711.4750
149.5620
38.1465
59.8185
114.4710
132.6465
418.9500
142.6320
202.8600
258.9300
136.3320
37.0755
21558.0750
19178.7750
21869.9250
142.7265
136.4265
18890.0250
21581.1750
18023.7750
23671.7250
5948.2500
45558.9750
262.5000
132.9615
1721.7900
23382.9750
3072.3000
944.3700
23902.7250
20691.8250
16268.1750
19854.4500
26720.9250
17735.0250
20108.5500
25531.2750
125.7480
130.4415
143.2620
142.7895
130.1895
111.0690
104.6115
117.4320
129.6540
142.4745
4816.3500
5330.3250
19236.5250
124.1415
136.9620
117.8415
130.6620
111.5415
124.3620
24191.4750
20980.5750
149.2470
130.1265
3592.0500
3401.4750
123.8895
3782.6250
4290.8250
3193.5750
4874.1000
142.9470
5757.6750
123.8265
136.6470
327.1575
3924.0000
510.0000
4359.6000
23094.0000
13471.5000
3849.0000
29062.5000
7425.0000
11601.0000
773.2500
2475.0000
2575.0000
1009.7500
664.5000
2784.0000
123750.0000
23205.0000
38955.0000
37100.0000
6405.0000
14103.0000
29687.5000
52360.0000
2805.0000
1870.0000
3360.0000
6880.0000
18880.0000
8470.0000
445.5000
1233.0000
23784.0000
20560.0000
249420.0000
