47.8700
39.9200
54.3100
28.1700
25.7700
34.3800
31.9800
44.2100
46.2700
43.8700
47.2800
45.2100
43.2100
42.2100
40.7600
38.5600
27.3300
24.2100
25.1100
0.2000
10.3000
39.2100
45.3100
37.2100
43.3100
41.2800
47.3800
35.2100
41.3100
41.2100
39.2800
45.3800
45.2800
33.2100
39.3100
37.2800
43.3800
43.2800
5.5000
5.9000
1.1000
1.4000
1.3000
3.4300
3.2200
3.7900
4.1100
6.6500
45.4100
45.2600
43.4100
43.2600
47.4800
47.3300
41.4100
41.2600
45.4800
45.3300
39.4100
39.2600
43.4800
43.3300
37.4100
37.2600
41.4800
41.3300
35.4100
35.2600
39.4800
39.3300
41.1600
45.2300
15.1300
11.1100
10.5600
8.3400
9.2300
6.5500
7.4300
5.5300
8.4400
9.9700
12.1100
11.7700
19.0300
18.9900
48.3300
55.4900
54.4300
50.6700
59.9300
60.6600
47.2900
46.5800
32.5600
46.4400
42.1100
8.7600
22.2800
21.1100
26.3300
27.8900
34.5500
22.2900
21.9800
26.5400
27.8800
33.3100
35.3200
25.3300
37.3300
10.2200
9.8900
13.4500
12.3500
2.2100
3.4700
6.4300
36.3400
15.3200
3.3200
13.2500
3.1000
3.1200
13.8800
37.4500
37.8000
38.0500
26.7500
54.2000
8.5000
10.7500
4.5000
14.5000
15.7500
24.7500
32.3500
38.5000
37.5000
8.7500
15.5000
23.2000
25.4500
1.8700
3.7400
3.0000
0.8000
48.0000
8.2200
49.0000
19.0000
40.0000
78.8900
20.0900
28.9900
38.9900
5.3200
6.2200
5.8900
30.7100
31.2100
34.8200
40.4900
40.9900
32.7100
37.3700
37.8700
41.3900
41.8900
35.8300
36.3300
29.9900
45.9900
59.9900
14.9900
