1596
1496
1494
1650
1654
1664
1616
1492
1602
1540
1628
1604
1690
1566
1698
1560
1692
1696
1504
1544
1530
1508
1694
1624
1548
1598
1658
1536
1568
1502
1642
1646
1672
1600
1522
1570
1594
1520
1516
1634
1546
1506
1626
1542
1670
1610
1564
1528
1630
1638
1582
1636
1510
1526
1644
1518
1680
1574
1532
1620
1666
1640
1512
1592
1580
1660
1558
1550
1618
1612
1586
1500
1656
1572
1562
1662
1606
1682
1684
1678
1686
1534
1524
1614
1588
1622
1632
1608
1552
1576
1590
1676
1668
1514
1584
1498
1674
1652
1578
1538
1554
1556
1648
1688
