298
306
320
328
344
360
382
392
404
406
422
424
444
452
454
488
520
530
540
544
548
560
576
584
604
634
664
686
692
704
716
728
746
760
772
786
798
820
832
836
846
878
890
904
916
974
994
1006
1018
1036
1052
1070
1074
1086
1176
1188
1248
1316
1332
1344
1356
1372
1422
1434
1450
1462
1820
1856
1868
1878
1904
1912
1924
1936
1948
1976
2051
294
336
348
370
376
388
396
448
460
484
504
644
682
696
700
712
724
790
900
912
924
966
1032
1048
1092
1098
1170
1242
1308
1336
1348
1360
1376
1458
1824
1860
1932
1944
1956
296
308
342
372
374
398
450
486
494
496
506
524
542
546
598
638
642
662
672
684
694
702
714
726
788
800
848
860
872
902
914
926
932
936
952
976
1034
1050
1094
1100
1110
1120
1126
1136
1148
1172
1216
1228
1256
1268
1280
1294
1306
1318
1330
1334
1346
1358
1374
1390
1436
1448
1480
1806
1812
1822
1836
1848
1858
1870
1934
1946
1968
1980
1992
1994
332
356
386
412
428
438
464
500
512
562
622
668
678
708
720
782
794
896
908
920
970
1040
1044
1056
1060
1166
1238
1312
1340
1352
1364
1368
1454
1466
1816
1852
1864
1928
1940
1952
292
310
326
334
340
352
354
362
364
366
394
414
440
462
468
476
480
502
514
554
568
610
616
620
650
654
680
698
710
722
734
740
752
766
778
792
814
826
842
884
898
910
922
968
988
1000
1012
1024
1030
1046
1064
1080
1090
1096
1164
1168
1182
1194
1202
1240
1310
1338
1350
1362
1378
1416
1428
1456
1460
1468
1826
1862
1872
1884
1898
1902
1918
1930
1942
1954
430
498
522
536
586
600
660
674
802
858
870
934
938
1118
1124
1138
1150
1206
1218
1230
1258
1270
1282
1292
1304
1328
1388
1412
1438
1470
1482
1804
1810
1834
1846
1890
1966
1982
302
316
338
368
400
458
470
474
478
492
516
526
556
570
572
614
630
640
652
670
742
754
764
776
804
816
824
840
850
862
874
882
930
950
954
958
978
990
1002
1014
1026
1066
1082
1108
1128
1134
1146
1158
1184
1196
1204
1214
1226
1244
1254
1266
1278
1290
1296
1320
1392
1404
1414
1426
1446
1478
1490
1796
1808
1814
1838
1850
1874
1886
1900
1920
1970
1978
1990
312
324
346
380
418
466
490
510
552
566
580
592
608
618
626
648
732
738
750
768
780
806
812
828
844
852
864
886
928
948
956
960
980
986
998
1010
1022
1062
1078
1106
1112
1130
1132
1144
1156
1162
1180
1192
1200
1212
1224
1236
1252
1264
1276
1288
1298
1322
1394
1406
1418
1430
1444
1476
1488
1798
1828
1840
1882
1896
1908
1916
1972
1988
304
318
330
390
402
442
472
518
528
558
574
612
632
656
744
756
762
774
818
822
838
880
892
964
992
1004
1016
1028
1068
1084
1174
1186
1246
1424
1876
1888
1910
1922
300
350
358
384
408
410
426
436
456
550
564
624
666
676
688
690
706
718
784
796
894
906
918
972
1038
1042
1054
1058
1314
1342
1354
1366
1370
1452
1464
1818
1854
1866
1938
1950
314
322
378
416
420
446
532
538
578
582
606
636
646
730
736
748
758
770
830
834
876
888
996
1008
1020
1072
1076
1088
1160
1178
1190
1198
1250
1420
1432
1880
1906
1914
1926
1974
432
534
588
596
602
658
810
856
868
940
944
984
1102
1116
1122
1140
1152
1208
1220
1232
1260
1272
1284
1302
1326
1382
1386
1398
1402
1410
1440
1472
1484
1802
1832
1844
1892
1960
1964
1984
434
482
508
590
594
628
808
854
866
942
946
962
982
1104
1114
1142
1154
1210
1222
1234
1262
1274
1286
1300
1324
1380
1384
1396
1400
1408
1442
1474
1486
1800
1830
1842
1894
1958
1962
1986
