20565.6206
1294.2529
32726.4786
28832.5289
419.4589
24432.6088
14352.7713
5056.4896
6107.0820
35944.1562
714.7043
6122.0820
8128.7876
6124.1820
3746.2015
2624.3820
5716.3102
14203.4580
7793.1108
9799.9243
1316.0575
11397.4992
13787.5434
3875.7229
42813.4333
5596.4705
2736.5678
3463.2998
1258.3767
12718.0844
33997.3702
1297.5901
874.7940
38510.8973
20541.4072
20645.6340
39373.7810
3578.2700
3399.9900
699.0982
3374.9900
32940.1556
20249.9400
8580.0739
919.5201
908.8209
18269.9460
20544.7015
10183.7952
6783.7679
2024.9940
26354.9220
1749.5880
10993.3516
2036.3940
7186.5371
13694.3494
3911.5991
10993.3942
23401.1062
31000.7804
1718.8983
38474.3572
13196.0548
4076.3880
32673.0446
2146.9620
49193.9864
4316.9864
9398.8972
11584.4590
41250.4391
121761.9396
7135.2649
20628.5745
4079.9880
21718.7639
15479.5500
38816.8056
18320.6894
115696.3313
68.4000
17358.0101
14432.8174
2082.6748
75191.9599
32569.1040
16544.5461
32492.6040
32459.9278
4345.8268
51235.0091
50948.9161
11942.5965
34628.2980
22717.5954
52803.4477
20.1865
11361.2706
9880.2666
32971.3230
14660.3024
2561.5408
25493.3215
19411.9336
19734.8665
13078.2699
36724.0974
8152.7760
4049.9880
39450.7884
21356.1593
844.1043
26447.0220
6105.3293
28045.3358
25706.4831
11.4000
37536.9632
2039.9940
1362.3067
8129.9760
20644.2343
73761.5266
5007.7200
2097.2945
6654.7023
4492.7043
4075.0341
10680.7251
42341.0750
6035.8246
16369.1545
12499.4471
81164.2329
9794.6422
3513.9448
3814.3435
6101.3820
16185.4292
2169.0469
13837.0855
16667.3077
11641.3209
32444.9040
40510.3042
33478.9114
66848.3878
20351.3400
12907.7717
3427.4236
49096.1075
26967.1293
64713.9547
4064.9880
15439.0357
2604.0653
14263.4580
91014.7853
18542.1726
55699.8037
35410.9983
20514.2859
25686.5186
57.6808
40341.1056
43749.2686
87867.8426
57739.7358
5538.5094
16292.0520
43803.1432
4082.0880
3846.8825
4509.8996
3432.6101
23983.6988
62068.8727
9475.5306
32383.1098
10231.4699
27666.4493
31624.7504
7802.8815
29479.3877
5.7000
37499.5521
18880.6522
18648.6070
7758.1202
12372.7773
27612.4240
183.9382
7349.9601
26037.0214
42088.8187
2597.0295
3785.5031
33919.0748
21090.7731
34250.3603
26367.3950
3018.3377
8184.8760
603.3971
41868.9060
32857.4070
10288.1579
3389.6981
67458.9556
6476.0896
28557.8750
29797.1606
1195.8158
15432.4643
12170.6640
4710.9421
19669.4111
17871.4452
3028.7107
19985.7845
34978.0589
35651.0339
39244.3122
4194.5890
43615.4161
10160.1565
1677.8356
43520.1264
42563.6688
5492.1791
24901.8424
126198.3362
57700.2263
26112.2050
26149.2498
74394.4204
41452.6462
16506.1424
6127.7820
108783.5872
104958.8068
22817.6077
19499.7922
85982.4771
23590.8589
722.5949
57804.9674
1450.8898
38638.7462
50827.1365
16259.8654
367.8764
20980.1520
9855.7761
68958.1569
49036.5151
28672.9735
41097.6007
97915.4075
6074.9820
30095.1611
30593.8757
28122.9884
838.9178
17451.4160
936.6567
42033.8061
19237.2798
47716.8992
34537.2578
2162.0111
38308.8583
46957.8291
2254.9498
30635.5103
58494.7906
6641.1311
40149.6431
42254.5844
29751.2786
26171.9347
14290.1984
10393.2366
45851.7478
88977.3784
477.8806
12962.4843
2292.5087
10830.1496
28416.3962
14008.6057
37591.6521
25618.7006
6135.9224
5202.6366
82101.9756
92832.3445
3356.1637
2133.1707
5821.1100
4102.7880
30609.7234
21596.2123
10382.8636
69681.6887
67369.2136
20847.9280
12455.2805
2203.0738
47370.7652
99502.0328
42894.3431
32572.7040
25631.9999
424.6454
29226.2517
29614.2125
144.2020
2342.1149
46173.7216
86796.1574
776.3569
14494.3943
34753.5572
104111.5156
13673.8182
59944.5457
33438.7697
40706.7309
17107.4924
48156.2081
4811.5349
27123.6534
27722.1591
40648.3800
32576.7309
5056.7532
14261.3580
39547.8476
1379.5229
4294.9438
3007.9647
28409.9160
19314.9998
13254.3593
19742.7832
38655.4860
22233.0559
5488.8419
31282.4841
23946.4874
73261.1513
15842.6258
11121.1886
53033.1921
24025.0455
3091.8551
24552.1330
28091.4187
5980.0532
24030.5748
12231.2640
8164.0029
18869.4615
24509.8281
28770.6060
3775.1301
40634.8800
66993.8289
7166.6775
6089.9820
29534.9446
29200.5190
1022.8560
12755.8756
1713.7118
8156.3760
28395.2187
30015.7829
14919.3015
29754.1861
39750.1207
33469.9041
54553.8443
28.8404
34284.3135
16297.7520
24242.8711
6435.3883
15825.9667
20432.4422
89704.2720
26592.0719
22217.4964
20405.6746
20324.9400
22912.7325
6112.4089
28547.1025
85994.8887
11924.1917
14219.9580
18296.3460
2345.7293
16789.0543
15022.5209
51062.3928
61206.4782
29962.7965
14234.9580
10192.7700
61189.0793
13637.9420
38693.8697
2588.5058
22730.7926
12176.3640
63241.9485
61800.9921
69.0808
20148.6820
27877.4257
4223.1928
51137.4115
14048.0598
27311.6264
17669.0304
57142.9416
27763.7953
2552.6296
34738.7355
63037.6140
20979.3465
58114.5796
19162.2381
9421.2681
12179.9640
31628.6282
19227.0555
28786.2466
1429.4086
36045.9181
7274.3061
54458.8986
97078.3155
4266.3414
6691.8242
37592.0572
11256.8286
21442.9840
21847.3938
28469.9160
42756.1740
69.2134
56400.9317
735.7528
3391.5474
8965.9330
12206.3640
40766.8800
7657.8888
50762.7624
54979.9007
11136.7420
69240.3932
25517.4189
65725.9222
22822.7804
32554.9324
6104.9820
56967.1318
25464.5848
4279.9438
62717.7201
34558.1586
15251.8156
32429.9040
78882.9289
10701.7297
8158.4760
28078.5770
29325.8426
8219.9354
58704.1822
3882.7587
18031.6005
31193.3153
45943.7648
40705.3101
26016.9703
3762.2367
40766.1068
68880.0822
10226.9700
3064.7098
2882.7148
31578.8152
26684.9956
11295.7189
35123.3751
59103.2933
29308.0387
29494.0504
27579.3105
9867.9984
53423.5701
22648.0137
9891.2909
40814.8280
24604.6637
2923.3189
3524.0297
24087.5253
31457.4039
3456.2640
6858.1844
32245.7525
33406.7043
32222.0799
14280.5580
2646.1866
27802.9673
26270.6036
3016.4884
8164.1760
2175.8024
30998.0730
4716.1286
29936.3843
12240.5640
30512.3991
1017.4986
21702.0775
24424.1280
3471.8235
26119.0572
19030.7276
29597.9656
48909.5276
46396.7630
33952.1938
55740.7211
2325.5428
33074.3301
24582.7299
52874.5366
8543.0558
30885.0908
94327.0022
62270.6997
30181.7117
29446.7389
45487.7144
14189.9580
39272.8969
22124.5400
12164.9640
100378.9078
101833.4197
23312.9857
8232.2298
758.0759
20788.9219
65160.8033
18206.6229
62343.9980
37779.3731
1532.3549
6086.3820
14248.7984
46519.1419
12363.6444
50778.1623
24144.9924
22497.2338
73568.3047
93834.0766
22130.1225
26009.3155
74719.7785
9550.9260
3256.6148
51341.0804
14404.3717
47655.0602
28097.0846
10279.3372
65730.4662
56396.5421
2907.4796
45725.5014
178.5808
2238.4935
4310.7413
48748.8054
29220.8373
13125.6019
13129.4681
5664.5243
5593.2771
50154.2683
40708.4413
356.8980
955.2013
19044.6091
3014.6391
3887.9452
25670.3574
14076.1511
29522.6946
25738.2617
17671.8447
8912.6663
1144.4969
24607.4780
4292.3279
3914.9363
3847.1761
3894.2405
22996.4942
58977.1342
8573.7455
60079.0221
18802.6130
6223.3905
5529.9046
13319.4071
33313.9702
29445.9841
3304.4403
6094.3562
24278.0209
23913.8927
3962.2441
22579.6850
903.6344
28786.7176
1619.5200
11737.7891
9853.7837
2909.1150
42729.5227
14950.9625
12497.2834
46301.0029
9090.4447
48117.9107
2555.9668
1104.9968
37141.1313
5948.2999
120182.1850
47404.3026
2371.2950
36571.8493
78066.2178
1626.4708
2927.7262
72131.9824
7973.3042
150837.4387
4007.4786
86.5212
71.9880
50019.5321
5687.3217
42262.6609
2278.1544
37650.2671
44991.4587
37208.4123
13094.2966
647.9940
98996.5779
35699.5713
7370.8413
24.2945
65721.6787
733.2159
2378.4486
180.1290
209.2560
61709.2825
6386.6474
33293.8504
469.7940
97801.7811
109253.4254
1308.9375
101336.8382
1147.4382
80634.8808
57182.2539
10473.0610
3781.8417
12140.2623
42438.4645
2476.9638
7004.5001
45064.2667
30.2798
92716.9059
4831.9452
684.0300
117274.3453
1524.5394
70717.2970
8526.6557
15797.0264
88689.6425
14515.9921
59238.9627
71274.5372
1438.8510
62510.3099
63233.6717
28008.1190
324.4527
5519.6110
1000.4375
2181.5625
782.9900
2049.0982
2071.4196
2443.3500
16812.1513
48300.3569
3661.1012
47753.7712
688.7667
6821.1093
33.7745
53415.9425
52105.5079
7222.8289
4364.2719
8920.6386
77342.8571
379.4670
196.3290
39027.0692
49220.1646
4810.0342
5496.0010
27892.4053
165.2310
63095.4280
1485.8823
9625.0609
4313.4232
75351.5172
2458.9178
90172.6738
10036.0430
2485.7036
86402.2489
8453.3099
40977.8088
48541.8313
15853.6146
39373.2236
50912.9359
15304.8859
38189.0587
6227.2278
40399.5779
149.0310
7759.3877
4254.4500
164.4279
5662.2907
50312.4090
147390.9328
65.6018
14655.0936
5347.6038
3226.1066
6532.5325
89273.6793
79628.9429
2342.4546
924.4017
9803.5732
58378.5459
48693.9751
54859.4922
8520.6631
63653.3932
57381.4301
1242.8518
5894.9641
69729.7597
1256.6625
18202.7022
53170.0479
1316.1745
38604.0227
4142.6215
58234.6192
49484.6201
16742.0274
39885.5733
21209.6683
340.9898
19544.0309
7804.4741
107356.7904
980.8863
869.6877
1444.3375
45845.4516
17146.5426
41020.1875
104881.9414
39987.6526
53.9940
2554.0856
33208.2292
5061.8179
93591.6217
67745.1764
2647.0320
2508.4976
52063.3585
32885.3728
22381.4965
84380.7379
47413.7171
180.1080
72019.6975
3981.8541
10085.4859
46321.8880
6803.6883
20.5200
59518.7599
26628.0859
42396.4051
46021.1798
54130.4516
16239.5602
2180.4192
1628.6046
14560.3533
20496.8188
794.2467
55971.1308
57363.2615
17944.6404
1561.6364
5717.1308
11056.6441
34982.3068
38818.2290
51710.6749
129261.2540
635.0250
8057.6592
2443.2830
50212.8485
784.0560
231.1724
16422.5436
214.2360
89333.2930
96577.1430
26523.0027
6700.1106
140078.3959
881.0367
11476.4056
1674.6854
28923.1085
817.5030
72301.9511
39477.7558
44017.9573
602.7000
4493.5622
44013.7502
3147.5673
3613.6431
39972.1321
202.3320
4356.8575
780.8182
74487.7550
32887.0262
146154.5653
19717.9571
7951.1594
60281.3100
26509.1108
103226.8852
9680.1190
54801.3542
4868.6565
4709.2037
2521.6976
1263.0383
61492.5041
15445.5784
37479.6554
39367.0149
2779.8855
103299.6849
49342.2867
91.1760
12931.2387
491.4060
9146.6459
62505.2769
4262.9036
12625.0615
3934.0566
34385.2153
2685.8932
1259.7431
288.1170
7200.2181
37284.7428
47871.2182
17147.1425
56590.5553
59292.4303
8610.1714
112287.2527
245.2500
7619.5865
9020.6890
1116.9250
56817.8354
2112.5395
10719.3352
65150.7457
101725.1038
6066.4671
2269.2651
27429.5294
112722.8945
48267.6020
4950.8203
55601.8550
6423.5150
99514.5024
5033.6440
34681.7052
73798.9622
41365.4632
40.3730
75002.6273
2024.5486
44166.0665
9304.4953
77480.9635
70.6445
30842.6667
7719.3210
47948.7516
29482.0603
41679.2782
6919.2582
348.7055
29157.5473
28874.4471
264.7110
82582.8222
1692.4137
51197.9881
47238.6521
812.4274
2960.1511
3604.1268
33129.1617
72337.8288
113.9700
60516.8114
383.0520
72887.4109
6174.8610
35142.7647
6413.6311
7536.3114
6185.5671
648.9054
18715.3153
29731.4902
269.9640
66707.6253
5360.1565
51.0518
99262.9841
67.5390
3863.8275
3784.6176
48997.2240
1409.3820
86493.3807
9845.1474
43386.8027
52719.4376
48434.2657
43807.0013
28570.8366
26305.4643
11547.3570
38499.6136
5031.8056
2618.8920
49578.7581
4940.7970
38408.1469
273.0916
8724.1741
72224.6384
5637.5280
3048.5294
47151.2741
642.6492
49380.0704
40041.8772
8206.4946
23268.7410
3554.6638
22534.8670
2709.6518
67.5490
5887.3122
87654.2364
1597.9839
95370.5312
7477.5973
100216.5341
35291.1994
43496.3848
9138.3399
47221.4229
14495.9644
40134.6567
4162.9556
11405.6226
34148.3461
36396.9284
4610.7390
242.2492
44025.5899
87994.6863
14563.6140
654.8200
7980.9201
66141.7711
7516.7040
51103.1263
1998.4284
3025.7355
44297.9357
36304.5380
44583.9686
6214.2590
7573.9797
35564.8016
4038.8509
31147.1853
1366.2229
46280.8779
314.4612
32755.9308
3259.0306
36513.5572
2449.1909
47565.7446
15617.7534
52295.4773
34718.3544
20859.9112
8218.6358
1720.8020
1503.2122
10151.6840
2143.8403
97455.6692
217.3320
1153.7883
325.8977
14.1289
95134.0915
41005.0451
33644.3587
42754.9923
24644.2293
38319.8765
2818.7640
2014.2540
59569.2312
86679.6063
44241.9264
939.5880
14288.7081
36401.1336
88.9320
79066.7942
39124.5205
35.9940
2526.5694
66436.2142
34271.4228
3920.3085
10244.7396
18768.9736
64525.5304
39668.0599
43444.0996
49789.1608
1466.0100
1229.4589
6941.8359
3923.9585
1141.9200
47836.8929
11173.6908
60818.3513
7540.9104
235.2660
198.0360
635.8102
9342.1184
736.1455
35418.1338
36265.7138
79000.3618
44080.9805
7971.9658
37649.1609
44.9940
12686.0788
600.2625
89561.7540
87693.7567
3027.3802
489.9805
24679.6632
78756.7981
1152.0771
13285.8532
4707.8632
250.8300
35416.9871
31261.9011
4971.4072
164.7109
32197.4623
3298.9310
2451.1372
48509.9926
1684.2578
3463.5790
30063.6207
1070.0565
3457.9857
42866.5361
33557.6539
983.1502
100452.5877
12649.8919
3839.7654
49713.2287
26615.2100
70011.4000
8699.9626
790.9342
4049.6465
44305.4838
4556.4245
54184.2506
35251.0065
36305.9355
2283.8400
1529.5854
70.3324
27258.3596
246.4609
68.3820
79994.1743
11075.4180
11084.5422
275.3880
51034.7029
3423.9685
10080.9959
1981.2567
2489.4544
4425.7929
36234.3369
4039.3958
107.2672
38235.7269
7921.7460
30032.4467
42720.3360
1788.1822
33099.4312
3045.6150
2940.8598
67778.5075
7046.9100
51394.2049
4069.2518
182.3520
72958.7103
4296.2135
3756.7587
50378.9269
97962.4024
32562.6538
31548.6467
30460.4065
3711.1707
2595.6818
35984.4499
414.4407
878.3580
22956.3155
80097.9950
1394.0205
3288.5580
20553.5940
80857.1340
37020.0401
45.5880
627.7680
18986.0765
8874.4070
71599.4665
8742.9763
1548.5749
53989.9760
42079.4855
30333.7908
24351.9855
24987.5865
63864.7068
40230.9800
1275.0469
21705.4863
29407.0435
4802.3340
41665.7599
1499.1678
36874.6869
26692.5733
32159.5245
24016.5101
35765.7551
30663.3284
4228.1460
3847.9347
39579.4797
23264.4941
3758.3520
54444.9062
2631.8687
46261.8667
403.8704
197.9760
22843.3007
85919.8459
9865.6740
1899.3625
28063.2571
5168.5696
17259.8627
205.1460
1839.2910
404.8650
4697.9400
136.7640
251.4772
88446.7968
48743.2715
1320.6349
22.7940
2348.9700
38334.6520
263.2500
1411.8109
38285.4856
25710.6223
159.5580
8158.2410
42740.6653
22577.6026
11275.0560
6123.1246
23623.3817
418.5120
10532.3468
2641.2698
20078.2551
79070.5683
24617.2453
343.9960
672.2505
24715.3619
23124.2315
42594.4535
1389.0169
40433.3035
43681.8330
20053.9916
22243.3338
44603.9551
66265.3313
6375.2345
4999.6105
78580.1157
17060.9144
25503.1481
606.9960
17494.4072
44669.7475
25187.5169
15161.9116
74.8380
6577.1160
141.6150
5054.5996
25124.6122
33016.1680
20038.3553
41513.1360
24520.0453
53917.6388
7986.4980
12684.4380
44130.0247
38994.1166
24252.0932
10805.2620
74205.0084
1879.1760
43071.7873
1416.8495
31128.3693
10335.4680
70164.5193
33688.8473
22820.8449
20987.1856
26581.4832
82168.7862
23586.0261
1877.4529
62702.5353
23097.0182
2527.2998
577.7820
3995.3819
66688.4432
17782.3246
10830.0207
50953.3220
50262.9060
7736.0481
7490.7234
6107.3220
55911.9636
43394.4135
35380.6400
4085.4098
6509.2516
13624.0260
107.9880
32730.2215
6192.8825
624.7205
2186.5347
2539.6638
34218.0617
41071.8424
8629.0063
38254.4351
36476.2562
667.8300
546.9942
2525.4469
14819.6397
13841.6210
2472.3107
17725.0947
1833.8864
80564.8492
45662.0012
36850.5686
5009.0116
6125.1688
20587.4764
86352.4057
31541.5658
11605.2572
44295.8324
32553.2291
18993.1049
24232.7654
43758.0999
57027.7694
32712.3780
537.3330
47271.1253
41602.4379
3372.3862
19662.6610
823.0660
26975.8649
1376.4765
89758.5394
47084.1057
19309.8372
25725.4118
29669.6029
1317.6898
31319.6394
94.3670
33205.2526
1601.5227
22612.4110
3916.3167
34916.4348
803.0295
417.9682
1633.3902
40310.0159
26461.1006
396.0720
23383.1281
3792.9456
17254.0031
36603.1395
405.5850
418.8197
78175.0524
32230.2682
4226.4567
33587.7730
73963.2625
39283.2714
88328.0713
1691.3283
458.7732
47965.2654
36206.1428
39666.1085
4336.8572
213.5520
45571.0350
89596.3322
6016.6542
7907.5701
2131.8743
43579.4597
80512.2219
75104.6539
249.5400
281.9162
59222.5620
49152.4316
5373.1714
37216.7222
6712.1940
4030.2867
669.0919
36114.8778
86085.8004
2886.3030
37997.6620
1328.8962
4471.2120
45918.6785
42502.1691
123.2826
1516.1703
38642.3176
56816.9351
5292.9001
1269.8319
508.3909
540.3870
11804.2083
36459.7670
4568.6970
78405.7478
339.7375
89.9880
97791.6210
4263.1696
2932.0200
3502.5609
96605.9056
7149.1797
42653.9411
42641.7932
968.4284
31787.5245
40267.2420
30041.9727
767.7657
40518.0541
5219.0495
6320.2454
29654.2607
598.0678
3218.1375
3701.7696
23863.0438
5605.2482
2550.0938
39485.6067
97597.1168
5255.3088
59836.4792
94673.1417
30242.8503
36879.2560
9795.1414
6670.4813
26985.2625
50702.1158
1484.4572
32359.8822
34098.5966
448.7518
12417.2610
44987.8766
93455.6598
1590.0398
4003.2158
67717.6755
56174.6585
28292.1530
2504.5058
8074.4839
45752.4717
26154.5589
3870.7287
517.2087
38464.6100
26839.0921
30197.6692
1743.4540
153.5760
36530.6354
20139.2416
43180.9774
31536.6745
26049.4939
894.2400
14251.5357
2993.1557
95415.1188
4017.1687
45.0000
170.7286
46990.4500
7651.7820
5482.7026
30252.3325
3926.8125
45840.9314
5514.1513
527.4748
1731.3963
78041.5646
44893.2146
744.2727
2184.6753
5128.1681
11497.0491
2551.4910
453.1758
33630.3655
4507.6761
33591.9302
4974.1475
44798.9579
283.2300
105310.5088
37329.3665
41211.6058
22957.5775
29909.6622
25261.8384
103362.3362
41637.5885
819.1107
604.8720
42528.4560
11710.0113
93032.5066
32258.7344
3279.9311
2618.4758
69705.7546
25721.2332
68243.9474
53097.0890
45674.4609
18868.8352
6711.1976
954.5880
780.7197
44161.7113
71610.9964
1297.8409
29514.1242
33974.7691
87340.1019
42464.0041
214.6328
11443.2270
59466.4190
3733.9223
523.7880
22994.9099
78942.2843
41158.8457
324.6176
38382.5083
34893.3366
1910.2950
16810.2243
386.2702
1844.5036
37815.8335
38777.8774
104482.9633
7813.8312
6631.7072
1502.9869
37150.2321
58120.4322
46260.7274
3715.1625
32195.7427
95434.9101
47192.4665
7866.7665
26439.9864
28916.5984
181.6957
777.2902
34930.4656
58041.2413
12263.9593
10763.1510
9913.5200
3720.9227
5311.5351
784.2007
482.6262
44541.9552
737.7278
2817.8617
31643.6024
2718.3195
1416.9255
425.8598
27105.9276
13976.0223
49862.2699
1531.7112
22106.9986
4391.9964
96011.0908
45716.9177
44597.1778
2953.8420
2232.8181
2003.7163
5835.6552
2451.0507
43678.9600
2458.6124
8961.5152
573.9927
31201.3606
2009.3707
33977.5113
7654.3937
36204.2021
39230.5508
25585.0564
2802.5973
1493.9703
1295.9880
52108.7806
8256.6540
671.4104
37643.0609
4515.9833
1252.2529
36701.5004
818.7000
8410.9927
22690.4492
5824.4177
323.9940
2288.7072
36907.4940
74149.9515
77241.2964
4805.5328
49426.4110
149.8740
5527.9561
803.7660
81230.9424
2753.9880
1344.5880
4536.2570
35151.1620
34969.3511
30410.7360
2935.7580
28963.5908
71513.4488
50161.4111
187.1280
24474.4816
66934.7011
6887.6444
35035.4864
27275.3063
10686.7360
672.2940
2783.9880
5300.8981
11631.4315
26.7240
1725.8568
56981.3473
79635.1220
60843.8315
93397.6369
77253.4169
1244.4926
108651.1426
71235.1175
1331.2380
5156.6820
40912.5240
163930.3943
97972.1953
1020.5940
5001.8872
5068.1340
647.9880
46420.6140
32901.6223
8109.2520
57950.2044
4009.5960
2232.8400
59333.5671
7009.1177
14614.3177
49685.6585
57068.3685
41100.9587
6768.2160
26328.5293
64785.1613
9150.3819
90421.7887
54253.0364
33802.1100
3809.3904
50576.5740
2510.1840
484.6320
98630.2745
5619.4119
700.3924
5497.4401
72.1620
1037.1540
23566.0588
62654.9612
3711.9660
3792.4308
2636.6880
1243.3033
283.9489
21.5760
2452.3400
1249.8400
2334.9700
2638.9400
2542.3100
2514.9300
1750.9800
2394.9700
776.3300
2384.0700
561.4800
539.9900
2502.8300
1729.9700
2344.9600
2329.9800
2316.9700
2351.9600
804.4700
638.9500
2318.9600
562.9600
1155.4800
2419.0600
1268.8400
2457.3300
2369.9600
2478.3400
646.4500
751.3400
1238.4500
553.9700
2329.9900
2365.9400
2362.2700
1308.3100
548.9800
1183.4700
1237.8200
2354.9900
1763.9700
2475.9500
2479.9400
2398.9500
2331.9500
2297.2800
777.3400
1700.9900
2294.9900
2374.9800
574.9800
563.7700
1218.9800
565.4700
567.7600
2428.0500
2433.0400
2309.9700
2511.3200
592.2700
2451.3000
2487.8900
1179.9700
1120.4900
2442.0300
2398.0500
2363.9600
839.4600
2420.4600
2375.9500
2391.4300
2482.2300
2338.9700
1810.4600
2498.3400
2380.4700
827.3300
1754.9800
2312.2600
1170.4800
806.7600
2487.3300
2344.2600
2322.2800
2304.9800
2319.9900
628.9700
1223.8400
814.4700
573.9800
565.2100
589.9600
2461.5500
1198.9700
1134.4700
578.4600
2413.0600
2354.9800
617.4700
810.3200
2393.0600
1149.4700
1174.4800
2373.4700
819.4800
1788.9500
2364.9600
2405.9500
1151.7600
2403.9700
2360.9500
1257.8200
615.4700
1251.1200
2520.3100
2342.9200
1732.2600
554.9700
769.4900
2389.9700
2467.0200
1145.4800
589.9800
2479.9800
2388.4500
2345.2200
2395.9600
614.9600
1179.4700
564.4800
2492.3200
902.9800
2319.2600
2359.9800
792.3400
588.9600
2340.2300
2461.9700
681.9700
2353.9500
2478.2400
2525.9400
917.9600
607.9600
2476.9600
2420.3400
599.4700
2364.9800
2500.4400
2349.9800
2376.9600
2372.9500
2341.9700
1214.8500
2407.0400
1783.9600
2396.9600
2366.4600
2414.9900
600.4600
1264.8400
1759.9700
1728.2700
1725.9800
1785.9700
1768.9600
2359.2500
1243.8400
1744.9700
586.9700
2543.4400
1764.9600
2618.6200
2327.2100
2381.9500
2419.9300
2447.0500
611.9400
839.4800
1735.9800
784.2800
777.4400
2397.9500
1775.9700
623.9700
2459.6200
2500.9700
742.3500
2400.3400
2460.2900
2466.3200
2388.9600
1164.4700
2520.8300
863.9700
2343.9600
2374.2300
1308.4700
1184.4600
2405.4700
572.2600
1228.8300
643.9500
2391.9500
2337.2700
2374.4700
2334.9800
2382.9300
2371.9600
756.3300
796.3400
556.2600
597.9500
611.9600
2490.1800
589.2600
1779.4700
2428.9700
643.4700
2399.9700
2370.2200
2442.5400
603.4900
2439.9900
2595.9500
2366.9400
3170.6280
32164.5480
33973.8900
2061.5820
249.5428
2006.0460
5836.1040
21892.1360
4823.5680
2254.7148
1506.5640
50300.6160
24026.6060
5219.9220
7728.2640
790.7280
4005.0360
173.3940
18061.4216
101609.2864
27185.7408
78790.8120
37540.9762
52140.0648
14366.4900
4715.8695
7265.0535
51742.3860
97526.0759
38335.3860
3492.0120
8617.5497
1295.9760
49258.2807
858.9000
3107.0220
32904.6840
4464.5640
2342.5409
29331.5099
84756.2421
85091.6670
2333.4720
6556.4700
200.0520
111036.9487
3495.6540
2964.9942
3547.0200
2698.1760
316.8600
73437.9329
5467.2480
1886.4420
53853.9505
2751.6240
8398.5368
58320.1019
57263.2706
4667.6435
461.6940
41563.5060
31.5840
756.3660
1301.8260
42188.4683
101223.4606
46582.4759
40093.4149
1630.5300
8126.4360
748.1340
55641.3320
17235.8129
34352.0520
43789.8480
35821.6748
47410.2927
38544.3379
15681.3497
7262.2560
3051.9477
63.9000
10595.4290
6857.8860
1.3740
107270.1188
7407.6960
2130.7669
15842.6141
29.3880
60425.9465
15148.1025
30005.9180
31666.0980
1323.4380
7633.0560
20.3940
762.9024
700.8780
2666.2695
3385.7760
1717.8000
868.8540
14267.0691
3669.5160
1580.0004
43997.5604
45822.4210
5194.6140
857.1960
57103.0684
20455.5812
5195.8500
1822.9080
39731.7120
7107.9540
4213.1040
4543.1040
128873.2206
98066.5013
53024.0016
55934.0580
71283.2401
22147.2853
66047.3337
9885.8499
112611.9697
20403.5940
44160.5991
30516.5072
3560.7540
14124.1711
37414.8480
68473.2873
39403.7220
42829.6815
567.8978
32.1180
44628.9968
9759.9480
5069.8348
46428.3351
971.9820
9850.0860
5986.6860
10805.3700
66845.6546
3521.4950
4180.4460
35496.3630
72616.5242
33634.6800
94139.2728
122284.4578
1914.4429
71029.1520
10284.1936
4130.9820
3855.0766
514.0080
977.3760
5270.5524
404.6640
326.7420
6557.4110
38978.1074
8.9900
22.9700
42.2800
166.2800
34.9900
58.4700
2.2900
78.4800
102.4800
75.4800
34.8900
29.9900
96.0700
37.2700
22.9300
68.9700
89.9700
85.9500
74.9800
144.4700
186.2800
71.5800
38.9800
28.9900
29.4800
25.4800
54.9800
37.2900
35.0000
91.9500
608.9600
7.9500
13.9800
63.9700
86.4500
14.9800
53.9900
31.2700
33.4300
33.9800
89.4600
32.6000
42.9300
49.9700
23.9700
64.9800
89.4700
68.4900
78.9800
124.9900
64.4700
7.2800
64.9700
56.9600
39.9800
60.4700
23.7800
2512.3200
2400.9300
2413.4500
120.0000
27.2800
196.9700
84.9500
24.4900
58.9800
67.9700
2533.3300
4.9900
21.4900
38.8800
9.9900
159.4700
119.9800
69.9900
84.9200
80.9600
56.9700
32.2700
76.9500
159.9900
564.9800
596.9600
2496.2700
799.4800
2366.9600
36.9600
71.9500
928.4900
793.4600
41.5900
29.9800
24.9900
78.9600
94.4800
123.9800
71.9700
39.9900
3.9900
618.9800
2418.4800
2465.9300
1205.4700
72.9600
49.9900
91.5800
36.5900
69.9700
32.2800
180.9800
59.9100
21.9800
561.9700
6.2800
62.9800
49.4800
51.9600
48.9700
114.4600
15.2300
61.9700
2359.9200
1147.7700
1291.7700
2437.9200
35.2300
36.2700
39.4700
12.9400
30.9700
83.9700
567.2700
2357.9300
1749.9600
563.9600
2414.9700
123.9600
97.9700
73.9600
59.9800
127.2800
128.9700
95.9400
76.9700
66.9700
579.9700
629.9600
2482.5600
616.9500
53.9500
39.2500
88.9700
649.9700
63.4700
107.9400
195.2700
47.9600
38.4700
2365.9500
2369.9700
10.2400
34.9800
150.9300
24.2700
119.9600
226.4900
2445.4600
161.2900
11.9400
74.4800
193.8900
44.9100
2492.0200
2339.9700
159.0000
2481.8200
39.2200
150.9500
65.9700
626.4400
2385.9500
2359.9600
2398.9700
59.4800
110.4600
54.9900
67.9300
132.9700
103.4800
61.4500
47.9700
155.4500
2332.2800
2357.2800
801.8300
1231.1200
801.7700
806.4500
79.9700
196.2900
1254.4700
1169.4600
2453.9500
45.9500
90.9500
12.9800
30.4800
81.4600
861.4400
759.2900
1188.4600
2398.4700
188.9300
564.9900
37.9700
124.4500
26.9700
45.2200
149.9800
47.9400
106.9600
786.3300
893.4700
1236.7800
2501.9600
27.7700
133.4900
182.7800
1760.4700
2493.5400
2508.0300
1758.9500
2364.9700
156.2700
45.5800
61.9600
100.4600
53.9800
162.9900
2352.2100
2341.4600
791.3200
583.9700
98.9600
14.2300
82.5900
148.4700
141.9800
722.7700
2539.4200
1283.8200
1709.9800
84.9800
152.6000
120.4800
800.4600
48.9800
28.4800
146.0600
73.9700
115.9600
75.9700
106.9700
804.4800
76.9600
37.9300
92.9600
1143.4600
17.2700
91.9600
66.9600
123.9900
120.4700
2381.4400
40.2200
93.4900
105.4500
28.9800
74.4600
1769.9600
771.3400
778.6200
618.4700
2469.0500
1129.4800
56.9800
75.4700
123.9500
61.0800
126.2800
851.8200
2427.0400
676.9300
2350.9600
62.9700
93.4600
106.9500
79.4600
29.9300
658.9500
88.9800
620.9300
2510.9400
154.9800
123.4800
43.4600
46.4700
878.9600
154.9300
77.9600
44.9800
149.9300
156.7600
118.9600
133.9600
2436.9700
2453.0400
103.4700
167.9900
57.0900
1775.4700
142.4500
134.9500
69.4600
585.9400
902.4600
1273.8300
570.4700
2408.2900
574.4600
609.9600
2438.0600
2484.9400
2541.3200
57.9800
84.9600
70.9600
913.9600
831.3300
2379.9700
59.2700
94.4600
848.4700
1789.9700
840.8400
1741.7689
52952.3583
40255.9142
31612.0704
26816.5751
47000.9618
92278.0501
29133.4710
104273.0197
228.5820
2901.9075
64152.0919
84713.7665
1182.8940
5696.5380
25283.1022
21393.5597
56184.0389
38496.0480
92141.4113
1615.2769
26776.3823
39566.3847
13119.4132
24830.4239
39923.9842
225.6300
44021.7035
242.4000
1475.6340
61044.4562
27975.6975
57771.7641
4949.6820
70.6440
1525.8048
3483.3660
17746.2521
23384.6520
109.7880
4098.6480
3741.6939
90020.6146
1912.4460
28195.8960
40271.4930
1130.9520
31604.6710
4216.1064
2045.2920
40683.5406
105505.3991
4398.8328
34771.9097
3676.9140
44411.3304
552.9480
33631.8982
47813.2429
55103.4671
437.8429
158.4300
87783.9431
46703.1548
1373.5560
1135.7955
3095.9940
53584.4454
23624.4279
34891.3250
73920.7391
3919.5255
16.2720
75647.3619
38783.5620
2186.7300
24213.5442
12423.5249
96485.4353
43253.7414
1638.8018
20607.7800
16674.9572
7416.3412
29423.4996
5942.0055
46.9680
1574.4420
3650.4780
33869.9460
4321.2240
33592.0440
10687.8540
26261.7070
7557.3266
370.7940
3671.9580
886.2949
3977.1649
400.1040
1249.6500
53277.6924
48717.0900
81476.3709
81431.7128
2.7480
28920.1932
63669.4800
28995.9788
2614.5869
25690.4699
63707.6101
49517.6753
1878.2568
115310.4777
1279.2480
2183.6400
44050.2084
42858.2133
10033.7457
1254.0480
36380.3386
3216.3494
10268.5130
51395.3220
3864.7020
2576.8980
2760.4440
2224.3380
54.9420
1101.2820
62895.5616
4441.4448
1034.3700
1075.3440
6770.2980
48.5940
2042.5620
3794.9789
1667.9400
3944.9457
552.9300
710.3760
8785.9320
1825.7810
66871.8419
46694.2363
15368.3048
1927.6118
3086.3729
802.3980
1915.5420
1669.0320
43013.4036
61251.4560
24518.1401
68906.6458
3405.1668
917.8789
1215.5820
106929.5461
7798.8060
790.5564
2263.3680
99.5300
132.9500
113.4700
1714.9700
2324.9200
2428.9400
18.9700
65.9500
146.9700
85.4800
88.4600
34.4700
103.4900
604.9600
2325.9600
820.8300
187.9800
79.4700
21.9300
41.9300
2533.9300
779.4800
173.9500
137.9600
193.9800
71.9400
131.9400
1155.7200
2356.9600
51.4600
2429.9700
597.2600
2395.4500
663.4400
130.4600
44.5400
134.9800
2556.8200
2571.3000
2359.4600
91.9700
86.9500
197.8800
132.9800
2404.4600
1282.8200
750.3000
2378.9500
145.4200
2564.9200
121.9300
99.9400
31.2800
699.9700
2443.5500
67.5900
96.9200
198.9900
549.9800
118.4700
2400.9500
1269.4700
1218.4600
1288.3100
35.7200
658.4500
828.4700
103.9600
53.4700
111.9600
2475.9700
1243.4400
2356.9500
2334.4600
86.5800
2372.9100
800.3100
2356.4400
2389.9600
2419.4600
815.3100
613.4500
845.3100
84.4700
100.0900
82.9700
89.9800
87.9700
36.9300
201.2700
2396.9400
67.4900
58.9600
1808.4500
2379.4700
780.8200
2478.0400
1773.9500
2340.9400
652.4600
2473.0500
1137.4300
165.2800
132.9400
86.4600
784.4700
650.4500
811.3200
603.9600
854.9700
1209.4700
2441.9300
128.9900
117.4600
160.2300
138.4500
889.4500
1793.4700
2391.9400
1723.9600
2641.2300
2501.3100
117.9600
97.9600
119.9500
94.9700
819.4600
1199.4600
114.9600
119.9200
1263.8200
2475.7900
249.5800
233.2300
94.9800
2379.9100
2418.0500
571.7200
92.0800
77.9200
184.4800
122.9600
2430.9600
42.9700
1798.9600
2462.5500
2399.4700
2535.8100
2477.2800
598.9700
2520.2700
620.4600
124.9700
636.4500
2528.3300
106.9300
186.7700
130.5600
1717.9300
2473.0400
2367.9300
143.4500
102.9600
635.9300
712.2700
2358.9700
865.3100
2429.4600
99.4700
61119.6420
48189.4814
595.3380
25645.2360
7137.0360
39770.4253
890.8200
60519.9533
3605.2140
32649.4443
5371.4340
67815.5873
105.2940
4764.1140
39596.1202
51341.6887
4002.8940
41830.7841
37814.8377
35733.1672
104153.3951
677.6820
45633.2100
67686.0209
7154.2680
29503.1400
8257.5158
29025.0180
373.0800
9699.6300
63981.9338
6683.5305
3344.2140
39829.9636
49597.4077
6806.3760
1768.8780
1172.1936
251.9640
64654.2775
74321.3769
57550.3179
3257.9160
68404.6260
518.3700
160378.3913
35791.9061
3406.7700
398.5020
3650.5980
40611.4141
5277.8940
75.5160
37117.6480
24.2940
9208.6980
34117.3890
9377.4689
2178.5400
77394.5591
1946.0220
54459.5040
27486.9900
46412.8153
11532.7020
62744.6240
26517.8400
1022.1300
11888.9880
1628.9580
47758.7523
9679.5960
11548.0101
704.6880
3844.1711
7556.8740
3589.7940
144.0000
468.6600
696.5820
475.2900
1647.0196
1427.5920
27947.5878
38534.6325
30922.3537
47522.9820
1118.5200
1430.4420
31837.4560
1336.2300
3430.6200
31319.1840
147.9500
125.5700
108.4600
27.9600
1214.4600
2422.5400
147.2800
556.9300
1195.4700
173.4700
69.4700
188.9800
151.2800
69.9200
889.4700
638.4800
122.4800
46.8300
31.9700
128.9500
2394.4600
1189.4600
92.4800
259.0900
120.4600
639.4500
656.9400
708.4400
191.2700
89.9500
91.9400
2370.9600
845.4600
2384.9600
113.4600
74.4500
96.4300
81.4500
1289.3300
1234.4500
2381.9600
101.4600
609.9500
633.9600
815.8100
1303.8300
848.4500
59.2500
54.9600
151.2700
1307.3100
2452.0400
31.7300
27.9200
2391.9600
2386.9400
1178.4500
637.9600
2431.9500
2491.2800
77.4800
584.9700
2371.9400
1253.3200
80.4700
195.5900
86.2600
92.9700
1194.9700
2414.4500
2465.2800
143.7800
639.4700
617.9500
67.2000
90.5800
2516.8100
2423.9500
66.4400
107.0800
642.9100
561.9200
764.2800
124.9400
2363.9700
43.9700
98.4800
589.4700
1779.9700
608.9700
125.4700
1857.9200
2578.4300
2532.3300
2326.9600
1774.4500
62.9400
881.4400
148.9800
42.8400
133.4700
84.9700
93.9700
86.9600
113.9600
901.3500
706.9700
2416.4500
619.4600
103.9500
2477.5300
2440.9500
2392.2000
1248.8300
104.9800
125.4600
43.9800
2359.9700
609.4500
59.4700
16.2700
35.9600
215.2500
898.4600
793.7600
2419.9500
84.4600
110.9600
624.9500
683.7700
1193.4500
599.9800
91.2600
2376.4500
2468.0400
1142.4200
38.9700
111.9500
163.9900
2378.9600
82.9500
615.9600
659.4400
79548.7562
5885.9220
33608.0640
4937.5140
27729.5820
1512.7620
24430.3800
221.9460
3453.5700
34355.6000
27089.3580
338.9940
30381.5700
7251.5220
7909.9920
5558.4230
63339.2580
1001.9820
18243.5100
12.1440
76571.5860
2936.8980
37891.8840
40438.7655
5728.0108
2679.4020
2225.6220
63878.7780
39988.7760
6917.4420
3510.7860
49178.5260
73114.1510
785.9580
4550.9220
75145.2966
417.7740
7519.3920
93077.7178
33674.7780
2305.3860
5359.5926
21595.3680
2860.8840
3148.4460
74298.5404
62739.6660
477.5820
8436.5160
34038.2273
3791.0964
35714.1622
33186.8460
6673.0440
18136.9500
2639.3820
5969.9100
37420.6980
50982.7980
26696.4600
900.2040
10319.8860
46675.7715
2901.2340
23983.7040
28881.9660
26886.4740
50012.2575
19598.0280
29123.8334
41.9940
6032.8620
32.3940
38991.8940
4592.9160
713.7960
35695.7400
4667.6461
53919.8993
1117.3320
2568.8820
17844.4740
5741.6651
110050.8354
1866.8580
4291.3260
5639.3520
5775.2520
4424.9400
232.6920
4465.5180
30219.6900
7317.6480
28637.5200
51377.0302
27643.1360
4973.7720
18230.4641
25592.3580
25600.7220
40829.6520
805.7880
28682.6520
30407.5920
40456.9125
18144.6600
32632.8960
5649.5280
86381.3810
33951.6300
25527.6450
5927.9460
583.6800
43072.6920
905.8800
93397.7361
31328.4204
44595.3000
5078.6100
5324.2080
10780.3380
122285.7240
2025.2400
6126.3420
6236.7600
40467.3232
6609.3206
2159.3520
30687.7020
1331.8020
5872.6140
28744.9620
28746.5940
26225.9400
15310.3200
728.9100
53900.4608
2897.3760
1204.6920
6037.4400
3588.6780
5721.7680
2245.6020
1701.4860
3990.1800
8935.0440
70336.8619
15.0000
7472.8860
28913.6700
112044.8055
18787.8780
28343.3400
7405.3980
44.2200
836.3200
584.9000
2408.9700
1212.4500
1157.4200
49.9600
191.2800
45.2400
76.9200
115.9500
2507.0300
121.5700
664.9500
2383.9700
2493.9800
80.9400
144.4500
1274.3300
103.4600
108.9800
99.9600
149.4600
1799.4800
595.9600
2416.9500
2587.8400
624.9700
96.4600
2411.9400
118.9700
201.2800
2483.0300
2461.0300
813.4600
2480.9900
2401.9500
1725.4800
664.4400
25.2200
28.9600
814.7100
1277.8300
1203.4600
2523.9200
158.8800
193.4400
111.9400
2448.9600
166.9500
1738.9600
615.4600
2403.9600
141.9600
63.9600
828.7400
2410.9400
2349.9600
2563.3500
2482.2700
1158.9600
64.2600
647.9400
1313.3400
1212.9700
636.9400
90.4700
605.2100
2465.9500
97.4500
1778.4700
765.3200
157.2700
2354.4700
2433.4700
2430.9500
739.4600
2412.9600
2446.9500
750.7400
2393.9600
800.8200
132.4700
59.4900
805.3300
127.9500
32.2200
1891.2600
40.2300
2578.9100
893.9400
2330.2300
2376.9700
614.9800
691.9100
1256.7800
1462.8360
291.5880
3614.4600
43152.2910
43451.7000
28413.4274
71774.1812
73605.9574
36336.3060
27499.8660
8387.9460
69894.0420
27568.4940
19078.4700
6260.8500
61161.9757
52370.7113
84413.1600
34435.0560
27159.4908
37.2540
26653.3740
24805.8360
25086.4740
43977.8958
35758.3560
2902.9080
39133.9800
49053.4638
71891.3168
1279.2900
11375.3160
1414.7520
445.4100
4557.3780
3482.8500
15345.3600
564.6240
2632.2360
59860.2760
35616.8319
3333.6720
40802.2349
1807.0380
25386.1320
7388.8980
70286.7015
32797.2657
4335.2640
8181.1200
50668.9860
33327.2660
56647.6403
28762.3485
5801.9340
55710.6180
56579.7960
77475.2281
218.4540
12647.6520
2321.2620
13938.8700
9700.3020
27951.6011
37323.8223
80691.0075
16.1820
34640.0564
33623.7780
10376.3682
10074.0600
7449.3398
21423.3240
97647.7200
38380.9856
21305.6460
18959.5860
3067.0680
9709.9980
4878.7500
6632.8860
1920.4860
3768.1200
27721.3680
24.2880
35834.1420
35390.4060
762.1740
1142.8560
72.8760
1021.5360
3788.3040
1391.9940
3683.9400
53598.6300
40967.2231
33726.9563
52723.9762
30541.1460
15380.6460
1502.9760
17744.2740
2109.4560
40106.8200
2077.1160
8835.8400
44961.0181
1830.5220
34696.2614
5047.6140
1047.7560
2771.3340
39723.7140
34591.9860
19921.8961
441.9180
46448.5620
2748.5100
915.5280
411.7020
6221.8740
1715.5620
692.6517
2518.2720
44500.4500
6784.2960
3684.8580
63244.4160
559.2300
2227.3860
5475.5340
734.7900
396.9985
1558.2420
353.9760
2294.2980
37209.6000
25137.2760
923.3880
7382.2571
23.4840
57816.2580
71884.6078
1644.9420
24889.1640
27288.8460
68640.1406
2118.9960
56123.0880
2491.2131
36682.5594
35538.9074
4331.3520
2416.9300
126.9300
50.2300
85.9400
854.4700
2348.9600
579.4600
2413.4800
54.9700
808.9600
569.9700
876.3300
2476.5300
593.9600
621.9600
2521.3100
593.9800
2401.4500
865.9500
2445.9400
1159.7100
100.9400
2454.9700
624.4600
2426.0000
1312.8200
2317.9200
2406.9500
576.9500
709.2600
65.9600
2365.2300
2488.9300
653.4600
2401.0100
642.9500
136.9500
858.4700
1834.9700
2444.9600
2457.9500
663.9600
681.9200
2419.9600
850.9500
863.9500
93.9600
1293.3300
131.9500
2349.9200
826.4600
828.9700
1789.4500
1739.4600
165.2200
41.9500
2398.4800
54.2500
2541.8400
564.2600
190.2700
131.4600
680.9400
2466.2600
2406.9300
625.4700
557.2600
582.2600
841.3100
105.9500
630.9400
2552.8200
1415.7800
726.2700
594.9700
1229.9600
2566.8000
612.9500
594.9200
2367.9200
1204.4600
98.4900
2482.0400
680.4300
96.4400
96.9600
756.2600
2337.2600
1784.9600
93.4800
645.9500
785.3200
72.9300
152.2700
108.9500
2518.9800
23.2200
1819.9500
2423.4800
2360.9600
724.4700
897.4400
2390.9500
2474.9400
2384.2500
1219.4500
71.9600
122.2900
152.2800
34.9200
29140.8000
6899.3040
25882.7400
21131.9460
2689.1760
39248.3580
3490.6080
30500.1120
52697.2377
94493.6651
32743.5660
65.9880
49123.6860
61946.2800
37202.7812
602.3460
56181.0950
3040.6620
40026.1913
28038.6360
12629.2560
57374.4399
70731.3713
1880.9220
83.9880
22748.7300
377.9460
2186.7540
9311.5620
28194.2700
14805.5231
23412.8828
8070.4080
7565.1600
4706.0580
2842.5929
28344.6431
24951.1148
41791.0070
23752.4160
108.5640
4443.7260
21286.5360
1544.9700
35379.5040
12485.4000
680.9100
57449.6040
22453.7528
24336.0013
26545.6160
181.1760
14427.7380
10127.7240
31850.4240
13721.7900
5115.3120
22608.8577
18775.6860
13804.8356
26298.5880
2049.2760
14608.2240
54955.8960
1409.3760
3263.3460
51324.1945
26203.8360
2921.9640
372.5880
677.9880
8043.0300
8610.0300
167.9760
9630.7260
10879.3980
38.1000
563.7528
29625.6890
25065.0960
13015.3620
26693.7180
600.1560
627.9700
101.9500
126.9500
83.4700
119.4600
2429.9300
2380.9500
601.4400
114.4700
659.9400
2462.0300
1173.9600
1158.4600
111.4400
616.9100
205.2600
2519.9300
78.9700
109.9700
2451.4400
2424.9700
2430.4400
121.9400
2393.9500
2426.9500
22.2600
639.9500
155.0800
157.2900
889.3900
663.9500
653.9700
141.9400
666.9400
659.9600
946.4500
2404.9500
2410.4300
2457.0300
2460.9900
127.4700
2342.9300
70.9500
155.7200
146.9500
2406.9400
2389.9800
143.9600
138.4800
650.4700
876.4500
1292.8100
2507.3200
2406.0000
1814.9500
99.5700
82.4700
111.4500
2368.9700
2527.5200
79.9500
650.9500
58.9500
62.2700
116.4600
812.4200
2503.2600
2369.2400
2428.2900
605.9500
571.9600
2529.9300
29.2600
2425.9300
1717.2600
2394.9500
155.4700
786.5700
101.4400
586.4600
814.8000
1271.7600
209.9700
192.2460
14478.1620
32382.3060
8511.9060
2041.1880
7879.0980
19361.6340
3869.1491
86975.0655
33904.4820
32820.4567
7635.7200
1663.4340
37100.5800
880.8120
4746.8220
402.0660
18455.4540
4241.5860
37.1520
90.5880
3391.1700
12058.0020
4528.7280
48.5880
22161.8280
50489.2921
4718.8980
32133.2280
11642.1900
35670.7440
24025.3920
48522.8138
3047.9460
2963.9580
134.4420
293.1780
4142.0520
2888.2620
1530.7980
4510.0224
19702.7460
864.6540
4298.9580
32317.2300
73016.5967
26775.4740
25409.3400
17628.6900
6415.7220
44907.5160
4676.9040
38840.7408
21534.1680
21969.6900
21200.0160
5531.8020
645.4620
1702.8780
9903.4560
1159.1340
404.2260
29585.1600
10184.2980
1668.5820
339.6060
3089.9400
1458.8880
24019.3814
73270.5060
21306.4440
1376.9940
44660.7780
162.8460
293.9580
23994.9240
33632.9280
3472.4220
23960.9846
60119.0220
24457.4665
722.1420
45534.2812
28142.4420
17193.5460
9878.1300
4642.5240
24673.5000
39913.8518
81696.6060
22806.3060
8974.6500
10040.4720
78.5880
28644.3180
530.4120
3425.8920
2837.9760
9477.9240
15360.9720
25411.3620
54904.3800
1964.9100
5020.2360
9691.3500
25106.7540
10771.5360
26884.5900
23564.9700
24667.0620
46031.0820
11546.6340
1331.2560
54368.5080
1875.8520
1804.6500
6708.7800
27709.2180
21524.1420
3856.8480
39392.3460
1337.6040
3597.2940
5394.3780
4340.6700
3115.7220
9473.4720
7678.9200
1619.7300
27078.9360
24142.5120
36065.9160
66375.6480
38575.0104
108184.1040
47450.6100
937.7580
9183.6720
6926.9640
26673.8460
104325.1067
24818.3760
87.9600
37.4300
835.3100
2366.9500
2387.2100
854.4500
109.4700
2404.9700
2420.4500
31.9200
49.9000
2368.9500
152.4700
53.9600
37.2100
196.2700
118.4900
2394.8900
758.6200
862.9500
2561.3200
2464.2600
2399.2300
2439.9800
823.4600
89.9600
2415.4600
815.4400
2352.2700
172.9800
2481.2800
601.9500
2379.9500
2359.2400
1273.3200
587.9200
109.9600
108.9600
682.9200
2496.2600
1258.8300
575.7100
1254.0800
2428.4600
2588.3300
790.3100
47.2500
138.9700
204.5800
74.9600
55.9100
2401.9600
1193.9500
161.5900
64.9300
843.9700
836.4400
1197.9700
142.9700
101.4500
2426.9400
685.4700
98.7740
2407.4200
76.2000
11710.4220
2428.4760
26709.5880
32798.5620
30238.2360
22021.7820
67831.3271
13573.7040
52766.5746
4386.4020
4634.9100
59234.8380
24795.1796
4480.6140
19300.9260
20857.7760
5438.0280
21439.4460
65622.1670
45169.8960
19600.1400
25622.2860
41023.2874
39291.3360
8765.8920
2810.5980
22227.9000
36396.1020
10723.9920
1225.4280
119.9760
15054.9240
32755.8056
923.2140
56353.8690
358.2720
12551.0220
29588.1083
4256.9640
52587.1380
47069.4121
53500.2240
6174.2220
3751.7040
10.7880
23388.9006
68748.4235
36942.4556
12552.2040
14525.8788
5005.7460
111.7620
11999.1300
37520.6400
5108.3640
24598.3020
27686.6100
24253.3620
26146.5000
20452.1780
28953.5640
4878.7980
74.5080
39215.4278
52756.0920
26719.5966
19176.8340
53476.7219
23168.2390
109.2540
29173.2840
26093.0280
17152.5000
11376.7020
28094.5320
3005.9520
22856.9820
58724.2560
8866.6800
24912.3480
2922.8280
21026.9700
32970.8914
125.9820
31295.1060
4836.4910
63645.6604
5095.9500
1174.3200
130.4700
20177.2320
225.8700
42553.4220
6943.5060
11093.2020
29320.6500
32967.1166
1586.9640
55790.5800
13030.2540
1403.9220
9197.1180
37661.5373
1582.4640
28722.1560
28262.3280
52183.1280
179.0280
6139.7460
17099.3340
453.2520
6478.0560
1028.4720
3482.8920
3128.7791
5398.8120
2222.7480
1352.6760
58249.4040
22138.8480
6654.7920
13067.0107
13768.0200
48285.0864
1466.1300
23774.1360
1604.7960
40350.0000
439.8660
6047.9160
2334.2400
1754.4600
2504.4300
2394.4500
2503.0300
2451.9500
1777.9500
609.9700
2379.2600
47.4200
664.8900
134.9300
2537.3200
834.4600
1737.9200
2517.0200
2415.4700
156.5900
1852.2600
212.9900
98.9700
144.2700
629.4500
51.9700
2448.0400
196.9300
2496.5300
154.9500
1197.4100
147.7700
2518.2500
2383.9500
1239.0700
834.4700
1291.8100
123.4500
835.4500
2386.9500
72.4500
2534.9300
819.8300
673.9700
211.9600
634.9600
2551.3000
1299.8300
2415.9400
603.9700
604.4600
2451.2700
609.9000
191.7700
59.2200
99.9000
2409.9700
820.3100
613.9500
134.5600
644.9600
19.9700
1328.3200
2465.2298
515.8730
867.4600
2381.4500
80.5700
564.2100
39450.7848
29064.3900
7501.7220
39790.2022
1736.3340
1386.5760
70533.0247
5665.7880
35209.9636
376.2480
58676.1206
32467.1531
24002.4668
53770.9719
22215.3196
569.1720
27830.1316
29524.0501
63761.3483
42195.8940
66479.7071
26440.5720
592.7460
31600.5181
429.0600
11802.5640
74577.1531
4393.6620
35809.8538
9653.6129
1074.2640
52031.9090
4348.0740
55487.5731
62810.4352
91335.4896
101438.0899
44879.6820
194.3760
57193.1057
116153.8278
6450.6780
84.4980
3960.7620
3638.3640
242.9940
6204.0540
809.7600
41944.4472
7264.2950
82935.6792
12916.7940
5871.1500
3173.9280
52815.3120
50354.8620
63235.6380
1806.5520
57288.1826
34239.5087
865.5360
31154.4749
746.8020
7776.9540
702.2340
5148.1980
8344.0980
30029.4540
1912.3080
2402.4360
23801.0431
30635.0040
36831.1713
362.3400
509.3100
41375.1000
27769.0151
27308.2224
36885.8796
126.9400
2361.9500
54.2100
578.9600
2397.9100
854.8200
847.9700
203.2200
850.3000
2516.5400
649.4600
2381.9400
1233.9600
628.4500
1243.4500
806.3200
2373.9600
117.5800
2417.9600
831.3200
2411.9500
632.4500
799.4200
261.3800
662.9500
144.4900
56.9500
841.4600
2385.9400
655.9400
2444.4500
819.3100
655.4500
95.5700
2514.6100
659.4500
773.6300
1799.9500
166.8300
867.9700
2563.9100
880.4400
2443.9500
59.9200
1750.4700
2439.9700
122.9500
2438.4800
889.8000
791.4700
89.9100
2367.2000
834.8100
7041.5716
140.4700
1210.4928
5105.5680
387.9180
32184.0288
23316.2460
6187.3080
26194.9740
868.8900
28795.9976
2870.9520
18220.9299
5454.2858
5997.5220
33171.1091
529.4928
49522.7787
6979.6560
19043.1120
3793.2600
61144.5956
25757.0601
32910.6420
12307.1340
4006.4015
33513.3660
23892.7656
3773.2800
26125.8540
68925.4289
739.8900
930.2820
61171.5876
32625.9780
11747.5320
649.1400
60915.7200
2007.0900
26319.7860
2181.2400
83147.6449
436.9080
577.4700
68203.4100
30980.0885
13580.4420
35272.6228
6422.2200
1712.9460
33518.7528
18952.1160
32640.5280
35047.6440
50399.1660
3325.4748
808.7280
83967.9181
2076.5400
42715.1988
72.8940
18057.9420
31964.6040
11012.3270
41672.7142
31001.6820
32062.0320
11951.6880
1435.5564
3061.7820
92941.2222
963.2160
1755.0912
9900.4200
57037.0670
3438.2790
335.9520
23913.4500
25573.8716
6078.4020
2780.7780
20373.7560
1964.6700
3309.0168
5175.8520
764.3160
964.7220
1054.9380
5058.3360
5306.6375
2402.2740
2057.2464
1289.5668
35676.7764
1815.1500
61593.4153
13820.7660
6140.4181
7099.6080
6042.1800
106268.2380
29149.0920
3874.0620
48642.5503
20699.3760
3708.5400
35131.2780
2909.7360
33579.4416
49565.5983
51216.1680
25434.3820
1917.6600
32445.5340
17765.0361
27710.1300
34349.2656
1477.1748
112312.5540
54076.8860
50095.6227
331.1520
108982.7474
40086.9291
1493.1660
4881.2340
7564.1640
44228.9437
5723.3976
26034.9120
35536.6680
63841.3128
8020.7580
63.1680
41619.2160
5074.3680
752.6340
7133.7780
1013.2320
76677.4547
199.4976
31044.9012
82062.4546
203.3964
30610.6260
16317.5880
3576.3960
215.9600
120.9500
889.4900
573.4200
921.7700
1136.7600
828.4400
2390.9300
633.4500
2442.2800
687.7600
911.4700
1324.3200
1298.8200
2384.9700
2369.4500
88.4200
668.4600
629.9700
2391.4500
2502.2700
1169.9700
76.9400
2456.2800
1259.0700
165.2600
2432.9400
862.9800
654.9500
101.9400
110.9500
2521.2700
170.2300
2434.9200
866.3100
2444.9200
570.9600
1197.4500
148.4500
2404.9100
104.9500
53.9700
900.9400
1212.9500
116.9500
620.9500
614.4500
2440.4700
825.3000
101.9600
67.2700
140.4500
125.9300
614.4700
49.9800
2589.4100
133.9800
813.4700
1788.9600
836.9100
833.6100
2577.9100
1087.2450
197.5480
21.2600
1751.7180
1117.3920
35331.6600
29923.0080
22057.9860
33319.9860
65683.3680
89869.2763
29498.7984
3593.8680
28733.5800
1365.5820
4086.4380
19965.4440
50937.3784
64704.8794
31229.8394
47848.0260
65123.4634
30163.6380
17147.4180
27995.8500
35805.7413
31535.6220
32700.6053
1536.2136
57990.6876
14708.0991
494.0040
32109.4774
2821.5660
2567.0460
26261.2380
9641.7120
5573.9040
926.9160
2847.4080
518.3040
45786.9840
30435.5859
51603.2340
4373.7300
23686.9800
2071.9200
85393.7413
3755.8860
29709.3360
7071.6000
39348.2520
29761.1208
41583.0985
28950.6781
53083.4460
1734.0300
53858.6700
65466.8869
30143.0220
11463.6840
56986.6066
1082.6220
83076.5709
5864.0400
36712.7103
34118.5356
1884.3948
89981.7900
12563.6760
19322.0280
7912.0140
38145.9918
7927.8006
3539.8740
27950.1974
500.3040
28139.2500
11528.8440
6653.2620
1190.6220
2777.1431
28373.1960
214.7460
32372.3280
1418.1300
1436.4300
1709.3160
6033.9600
2058.2520
31788.3204
36550.8348
31786.1904
38182.7928
524.6640
28843.6551
3678.8160
4346.0820
26632.9708
9003.9120
1932.4320
29496.1740
41471.6940
70205.7900
221.2560
40248.8592
10585.0500
53248.6920
1856.2068
6072.9660
2127.5220
59894.2092
3595.1880
57820.9320
352.3860
50201.2560
2108.6340
6179.8800
641.0220
5496.0180
2995.1880
6231.9420
1966.2600
1732.8900
1411.2360
37.7580
57048.8940
2527.1280
551.4548
96.1088
2942.4180
5416.9380
845.3400
2224.9740
618.5100
28573.5744
219.5808
5533.8689
79589.6160
1167.2760
74160.2280
490.4340
3200.5860
3460.7160
35632.9920
29703.3120
34063.8240
80450.3760
34123.6677
3131.9340
67059.6362
640.4500
1725.2100
2419.4400
260.8600
850.8100
792.4200
2559.4200
1292.3300
2423.9600
119.9400
66.9400
49.2200
809.4700
44.9700
160.4600
1247.9600
2482.0300
2423.9800
836.4500
2480.9100
143.9700
2568.9200
858.4600
846.4600
1827.9400
2431.4400
81.9600
60.9500
1313.8100
2546.3100
1347.7900
2414.9600
2395.9400
2389.4600
2379.4800
2433.9600
645.9400
178.9800
50.9400
801.3300
2438.4500
98.9500
2416.4300
2536.5400
617.9100
2540.3400
2399.9500
2454.9800
569.9200
2436.4500
135.4600
1888.9700
184.2600
2409.9500
128.4700
146.4300
112.4700
121.4500
131.4400
118.4600
194.7200
207.2800
138.9600
206.2500
115.9200
122.4100
185.9700
102.9500
246.4500
16.9400
135.2300
189.9700
