1.0002
1.5500
1.9419
1.4683
8.2784
1.8976
0.9703
6.3613
0.6183
104.9580
9.3840
3.7584
634.6000
0.9991
1.5558
1.9330
1.4637
8.2774
1.8922
0.9670
6.3465
0.6162
105.6740
9.3919
3.7507
634.2400
1.0004
1.5597
1.9440
1.4734
8.2789
1.8802
0.9615
6.3041
0.6163
105.6040
9.3550
3.7570
634.7999
1.0000
1.5634
1.9250
1.4609
8.2782
1.8801
0.9617
6.3080
0.6159
105.6820
9.3369
3.7416
635.6599
1.5670
1.9370
1.4673
8.2788
1.8984
0.9711
6.3658
0.6186
106.1820
3.7606
636.3300
0.9995
1.5636
1.4563
8.2780
1.8997
0.9715
6.3742
0.6173
106.4030
9.3270
3.7500
636.2500
1.0005
1.5652
1.9379
1.4661
1.8990
0.9716
6.3681
0.6179
106.4479
9.3439
3.7566
636.2899
0.9998
1.5678
1.9230
1.4604
8.2779
1.8957
0.9690
6.3605
105.7159
9.3230
3.7410
636.3200
1.0008
1.5734
1.9339
1.4752
8.2786
1.8971
0.9706
104.5400
9.3399
3.7555
636.8400
1.5810
1.9199
1.4588
1.9109
0.9770
6.4109
0.6189
104.5480
9.2989
3.7502
637.1699
1.5772
1.9310
1.4738
8.2379
1.9194
0.9812
6.4366
0.6210
104.4590
9.3109
3.7597
637.5700
1.5694
1.9219
1.4662
8.2369
1.9287
0.9859
6.4695
0.6200
103.9090
9.3520
3.7492
637.7500
1.5687
1.9270
1.4714
8.2373
1.9236
0.9834
6.4505
0.6232
101.9230
9.3599
3.7524
638.5800
0.9992
1.5767
1.9179
1.4644
8.2367
1.9262
0.9844
6.4607
0.6227
102.4929
9.3580
3.7448
638.4199
1.0007
1.5708
8.2375
1.9353
0.9897
6.4886
0.6243
102.3940
9.3510
3.7595
638.5299
0.9990
1.5739
1.9139
1.4723
1.9391
0.9907
6.5038
0.6247
102.0550
9.3430
3.7496
638.5000
1.5712
1.4755
8.2372
0.9911
6.4999
0.6256
102.4060
9.3499
3.7545
638.5499
1.5786
1.4702
8.2370
1.9441
0.9939
6.5208
0.6248
102.5420
9.3480
3.7442
638.4800
1.0001
1.5831
1.4861
8.2378
1.9531
6.5511
0.6254
102.4770
3.7578
638.5099
0.9993
1.5822
1.4817
1.9516
0.9973
6.5456
0.6245
102.7840
9.3450
3.7482
638.4299
1.5817
1.9279
1.4872
1.9511
0.9977
6.5434
0.6251
102.8030
3.7530
1.5790
1.4701
1.9266
0.9848
6.4631
0.6201
102.3980
3.7503
638.4600
1.4793
1.9135
0.9782
6.4154
102.8490
9.4749
3.7580
638.5700
1.5685
1.8650
1.4717
8.2368
1.9079
0.9754
6.4002
0.6140
102.7700
9.4610
3.7458
642.0000
1.5653
1.8700
1.4832
8.2377
1.9153
0.9795
6.4230
0.6158
103.0440
9.4420
642.5800
0.9989
1.5745
1.8610
1.4725
1.9265
0.9847
102.4080
9.4079
3.7412
642.7300
0.9997
1.5770
1.8690
1.4806
8.2376
1.9311
0.9869
6.4736
0.6169
102.4490
9.3940
3.7538
642.5399
1.5740
1.8560
1.4770
1.9298
0.9864
6.4743
102.4090
9.3800
3.7440
642.5000
1.5748
1.8600
1.4835
1.9319
0.9885
6.4791
102.7680
9.4250
643.0099
1.5738
1.8410
1.4774
1.9437
0.9936
6.5199
103.2980
9.4060
643.7999
1.5749
1.8580
1.4857
8.2799
1.9494
0.9967
6.5368
103.6310
9.3889
3.7534
644.0299
1.5593
1.8370
1.4773
1.9271
0.9854
6.4661
102.9950
9.3559
3.7467
643.9299
1.5568
1.8220
1.4800
8.2796
1.9147
0.9797
6.4211
103.1190
3.7605
644.3300
1.5557
1.8040
1.4711
1.9403
0.9918
6.5098
0.6226
103.2620
9.3379
3.7486
644.0000
1.5570
1.8200
1.4859
8.2797
0.9925
6.5072
0.6230
103.1790
3.7551
644.0599
1.5573
1.8009
1.4726
0.9917
6.5061
0.6220
102.8210
9.3350
3.7446
644.0499
1.5551
1.8330
1.4825
8.2800
1.9375
0.9913
6.4981
0.6216
102.2200
9.3239
3.7591
1.5508
1.8180
1.4712
8.2794
1.9395
6.5065
0.6206
101.6460
9.3119
3.7462
644.9500
1.5529
1.4782
1.9387
0.9909
6.5007
0.6212
101.7390
645.5099
1.5548
1.8300
1.4616
8.2792
1.9295
0.9868
6.4734
0.6178
102.7170
9.4199
645.9099
1.5559
1.8400
1.9300
0.9870
6.4732
102.9680
9.4369
3.7559
646.2500
1.5538
1.8250
1.4674
1.9314
0.9874
6.4783
0.6190
102.8690
9.4320
646.2100
1.0003
1.5531
1.4646
8.2805
0.9879
6.4776
0.6199
102.5520
9.4800
3.7557
647.0299
1.5527
1.8210
1.4633
8.2795
1.9307
6.4759
102.4830
9.4689
3.7460
646.9500
0.9999
1.5481
1.4544
8.2814
1.9435
0.9933
6.5160
102.4960
9.4710
648.0599
1.5359
1.8100
1.4495
1.9470
0.9956
6.5324
0.6182
102.2039
9.5050
3.7439
648.1900
1.5374
1.8149
1.4559
8.2803
1.9487
0.9968
6.5332
0.6193
102.2820
9.5120
3.7513
648.2799
1.5233
1.8049
1.4463
1.9412
0.9923
6.5136
0.6175
102.2429
9.4860
3.7475
649.0000
1.5257
1.8080
1.4560
8.2804
1.9457
0.9947
6.5237
102.2270
9.5289
3.7587
649.2500
1.5238
1.7969
1.4416
1.9452
0.9942
6.5236
102.1850
9.5139
3.7423
649.1799
1.5201
1.8169
1.4530
8.2806
1.9075
0.9758
6.3964
0.6118
101.6570
3.7572
649.7699
1.5268
1.8500
1.4426
0.9700
6.3642
0.6107
103.2940
9.5719
3.7505
650.4900
1.5194
1.4498
8.2811
1.8956
0.9693
6.3578
0.6096
104.3720
9.5269
650.0499
1.5287
1.8320
1.4542
0.9689
6.3601
0.6075
105.2060
9.5619
3.7477
650.4800
1.5281
1.8360
1.4584
8.2807
1.9012
0.9719
6.3761
0.6111
105.4520
9.4789
3.7565
650.7999
0.9988
1.5269
1.4493
1.8995
0.9707
6.3701
0.6099
105.2120
9.4670
3.7504
650.7100
1.5270
1.8290
1.4574
1.9011
0.9721
6.3750
0.6104
105.1760
650.8300
1.5235
1.8089
1.9070
0.9748
6.3987
105.1540
9.4570
651.9700
1.5213
1.4625
1.8936
0.9681
6.3489
0.6071
106.0860
9.5229
3.7585
651.7500
1.5185
1.4535
0.9697
6.3646
0.6065
105.9000
9.5410
3.7484
652.5599
1.5003
1.4552
8.2815
1.9077
6.3977
0.6076
106.2000
9.4920
652.5299
1.5004
1.8000
1.4421
1.9276
0.9857
6.4679
0.6115
105.7590
9.4220
651.8099
0.9996
1.5044
1.8140
1.4515
8.2809
1.9303
0.9875
6.4721
106.1240
3.7519
651.9099
1.5020
1.4410
1.9283
6.4688
0.6109
105.8540
9.4269
3.7450
651.8400
1.5045
1.4600
1.9346
0.9899
6.4877
0.6128
104.8960
9.4339
3.7536
652.2899
1.5012
1.7880
1.4409
8.2791
0.9862
6.4749
0.6102
105.6930
9.4139
3.7498
653.0199
1.5082
1.7980
1.4556
8.2813
1.9325
0.9883
6.4804
0.6092
105.4929
9.4230
653.0499
1.5024
1.7789
1.4413
1.9228
0.9829
6.4481
0.6041
105.2610
9.4350
3.7452
653.5000
1.5106
1.7769
1.4460
8.2812
1.9389
0.9919
6.5019
0.6070
104.9190
3.7593
1.5075
1.7660
1.4335
1.9377
0.9903
6.5012
0.6062
104.7810
9.4659
3.7408
652.9400
1.5085
1.7760
1.4450
0.9915
6.5016
0.6069
105.2640
3.7564
653.1000
1.7680
1.4393
1.9433
0.9930
6.5179
0.6054
105.6300
9.5259
654.4199
1.5266
1.7780
1.4438
1.9543
6.5525
0.6086
106.0330
9.5359
3.7561
654.5399
1.5347
1.7720
1.4333
8.2783
1.9520
0.9975
6.5484
0.6098
105.6320
9.5109
3.7437
655.2400
1.5293
1.7860
1.4382
1.9800
1.0125
6.6409
105.1949
9.5449
655.3099
1.5758
1.7909
1.4398
2.0024
1.0236
6.7183
0.6172
107.1470
9.6039
3.7433
654.6100
1.5764
1.4540
2.0023
1.0241
6.7148
107.0950
9.6170
654.7200
1.4367
2.0017
1.0226
6.7127
0.6176
107.1100
9.6020
654.5700
1.5720
1.4538
2.0164
1.0310
6.7625
107.5490
9.5960
3.7599
655.7999
1.5834
1.7849
8.2777
2.0118
1.0283
6.7492
107.8220
9.5820
3.7418
655.9900
1.5697
2.0047
1.0247
6.7214
0.6225
108.3740
9.5540
656.7500
1.5718
1.7820
1.4323
1.9748
1.0089
6.6239
0.6259
107.6560
9.4890
3.7429
656.8600
1.5717
1.4480
1.9912
1.0187
6.6775
0.6286
107.2780
9.4510
3.7509
656.5800
1.5703
1.7689
1.4327
1.9876
1.0164
6.6675
0.6280
107.3160
9.4459
3.7431
656.4500
1.5688
1.4444
1.9884
1.0170
6.6673
0.6288
107.3529
9.4520
656.5900
1.5782
1.7649
1.4440
8.2790
1.9953
1.0203
6.6932
0.6252
108.7050
3.7454
657.0000
1.5845
1.7700
1.4510
1.9834
1.0148
6.6515
0.6203
109.6080
9.4120
657.5900
1.5765
1.4447
1.9690
1.0061
6.6048
0.6177
109.4650
9.4260
659.1699
1.5850
1.4585
1.9870
1.0167
6.6637
109.2960
9.4329
658.1000
1.5842
1.9790
1.0121
6.6394
0.6269
108.7680
3.7494
657.9600
0.9940
1.5889
1.4547
1.9799
1.0127
6.6406
0.6281
109.0250
9.4309
3.7581
658.0099
0.9937
1.5909
1.4500
1.9827
1.0133
6.6509
0.6276
108.8630
9.4209
3.7404
657.9800
1.5961
1.4660
1.9967
1.0213
6.6970
0.6309
108.9150
9.4039
658.5099
1.5907
1.4467
1.9923
1.0186
6.6844
0.6257
109.0920
3.7488
658.9400
1.5848
1.4570
1.9844
1.0149
6.6528
0.6228
109.4560
9.3770
659.7999
1.5823
1.7729
1.4466
8.2771
1.9793
1.0119
6.6405
0.6211
110.6530
9.3710
660.4199
1.5904
1.7809
1.4569
8.2781
1.9856
1.0153
6.6597
0.6249
111.1280
9.4030
3.7532
660.2400
1.5893
1.7740
1.4414
8.2772
1.9837
1.0142
6.6547
0.6236
111.0170
660.1100
1.5924
1.4514
1.9863
1.0159
6.6618
111.0240
9.3989
1.5971
1.4537
1.9802
1.0128
6.6440
0.6250
111.3720
9.4130
3.7465
660.5099
1.6041
1.7900
1.9507
6.5400
110.9040
9.4410
661.1200
1.6134
1.7829
1.4613
1.9497
0.9963
6.5396
0.6229
111.2790
9.3789
660.9099
1.6290
1.4599
1.9702
1.0079
6.6074
0.6258
111.3610
9.3949
661.7999
0.9987
1.6254
2.0070
1.0255
6.7314
0.6268
110.2309
9.3810
661.4600
1.6182
1.4534
2.0074
1.0265
6.7320
0.6278
110.4120
9.3870
661.5599
1.6173
1.4455
2.0065
1.0262
6.7317
110.3010
1.0006
1.6293
1.4607
2.0133
1.0298
6.7503
0.6271
109.5350
3.7601
662.3300
1.6161
1.7609
1.4469
2.0268
1.0363
6.7983
0.6327
110.1350
9.3689
662.1900
1.6539
2.0110
1.0289
6.7441
0.6310
107.2120
3.7522
663.0099
1.6488
1.7500
1.4536
2.0274
1.0362
6.8010
0.6340
107.8880
9.3260
663.4199
1.6449
1.7540
1.4583
2.0392
1.0435
6.8383
0.6346
107.8210
9.3219
664.3099
1.6476
1.7460
1.4423
2.0356
1.0410
6.8299
0.6336
107.9380
664.2400
1.6454
1.7549
1.4529
8.2798
2.0417
1.0441
6.8465
0.6341
108.0090
9.3279
3.7528
664.3500
1.6619
1.7470
1.4472
2.0390
1.0421
6.8409
107.4180
3.7479
1.6537
1.4610
2.0402
1.0428
6.8403
106.2750
9.2940
3.7602
664.2799
1.6420
1.7390
1.4519
2.0354
1.0406
6.8263
0.6319
106.1119
9.2720
664.1799
1.6248
1.7480
2.0247
1.0360
6.7896
0.6331
106.7339
9.2929
665.2000
1.6273
1.7430
1.4509
2.0289
1.0368
6.8060
0.6344
106.2180
9.3160
3.7480
665.7100
1.6275
8.2802
2.0299
1.0380
6.8075
0.6334
106.3649
3.7562
665.7999
0.9986
1.6306
1.7420
1.4562
2.0318
1.0382
6.8158
106.3199
3.7444
665.6799
1.6237
1.7520
1.4632
2.0293
1.0375
6.8045
0.6337
105.7380
3.7515
665.3300
1.6265
1.7330
2.0207
1.0327
6.7796
0.6332
105.1230
3.7469
1.6316
1.4742
2.0211
1.0334
6.7778
0.6361
105.2570
9.3390
666.3099
1.6366
1.4678
2.0129
1.0285
6.7531
0.6342
105.5290
666.7100
1.6495
1.4780
2.0135
1.0301
6.7522
0.6353
106.8190
9.3330
666.7500
1.6478
1.7400
1.4664
2.0122
6.7512
0.6349
106.7399
9.3209
666.7400
1.6508
1.7490
1.4719
2.0121
1.0293
6.7465
0.6351
106.9790
666.7899
1.6453
1.4684
2.0091
1.0270
6.7404
0.6363
106.3860
9.3149
3.7425
666.9299
1.6409
1.7410
1.0378
6.8028
107.0180
9.2980
667.7699
1.6538
1.7240
1.4699
2.0358
1.0411
6.8291
107.0150
9.2479
668.1599
1.6512
1.7220
1.4720
2.0144
1.0295
6.7538
0.6303
107.4610
9.2249
3.7589
668.5399
1.6438
1.7310
1.4621
2.0011
1.0233
6.7131
0.6266
107.3289
9.2159
668.9700
1.6494
1.7440
1.4676
1.0243
6.7144
107.4360
9.2200
669.0099
1.6452
1.7270
1.4611
2.0013
1.0230
6.7145
106.9050
9.2110
3.7464
668.9299
1.6376
1.4638
6.7958
106.7760
9.2010
669.0800
1.6276
1.4458
2.0344
1.0396
6.8238
105.7910
9.2189
669.1599
1.6374
1.4624
2.0581
1.0525
6.9020
0.6270
105.7390
9.2660
3.7568
670.2599
1.6326
1.4513
2.0347
6.8257
0.6260
105.4860
9.3079
670.2100
1.6468
1.7360
1.4520
2.0480
1.0476
6.8693
0.6291
102.4280
3.7603
670.5299
1.6467
2.0466
1.0464
6.8663
0.6274
102.9599
9.2550
670.4400
1.6497
1.7340
2.0474
1.0470
6.8650
0.6282
103.1680
9.2699
3.7547
670.5499
1.6448
1.4494
2.0427
1.0444
6.8513
104.8050
9.2870
1.6506
1.4614
2.0341
1.0398
6.8202
0.6261
104.9809
670.7799
1.6501
1.4475
2.0291
1.0373
6.8071
0.6312
104.9280
9.3750
671.4900
1.6599
1.4615
2.0421
1.0438
6.8460
104.7800
671.2799
1.6735
1.7380
1.4521
2.0491
1.0471
6.8731
0.6329
105.4550
671.2500
1.6686
1.4617
8.2810
2.0499
1.0487
6.8739
105.4440
9.2970
671.3200
1.6677
1.7350
1.4488
2.0470
1.0465
6.8667
105.3800
9.2840
671.2100
1.6736
2.0337
1.0401
6.8186
0.6316
106.4880
671.7999
1.6773
1.4564
6.8404
107.0230
671.7100
1.7620
1.4721
2.0419
6.8482
0.6300
105.8580
672.8400
1.6762
1.4710
2.0484
1.0469
6.8723
105.7670
3.7422
673.0099
1.6749
2.0364
1.0418
6.8300
104.8559
9.5210
672.7699
1.6755
1.7840
1.4690
2.0352
1.0403
6.8255
0.6293
105.0300
672.7400
1.6724
1.7889
1.4821
6.8243
104.5750
9.5250
672.8300
1.6924
1.4813
2.0533
1.0496
6.8879
0.6324
104.4040
9.4299
672.4299
1.6813
1.4818
2.0667
1.0571
6.9290
0.6343
104.8100
9.4100
672.8099
1.6797
1.4733
2.0785
1.0625
6.9728
0.6321
104.8020
672.7200
1.6904
1.4843
2.0850
1.0661
6.9909
0.6339
105.8060
9.3970
0.9985
1.6875
1.4709
2.0842
1.0652
6.9912
0.6338
105.7990
9.4090
672.7000
1.6872
1.7929
1.4751
2.0832
1.0656
6.9859
105.7690
672.9500
1.6842
1.4748
2.0794
1.0632
6.9772
0.6326
105.4080
9.4399
673.0499
1.6827
1.7949
1.4778
2.0853
1.0660
6.9919
105.8400
9.4440
673.5599
1.6839
2.1232
1.0854
7.1238
105.9360
3.7456
674.2100
1.7028
1.8069
2.1181
1.0833
7.1033
0.6352
106.3740
9.4239
3.7563
675.0800
1.6998
1.4685
2.1499
1.0990
7.2131
9.4280
675.6799
1.7154
1.4906
2.1474
1.0984
7.2000
0.6452
108.2320
9.4049
675.7999
1.7142
1.8060
1.4765
2.1446
1.0964
7.1947
0.6443
108.1640
9.3910
1.7098
1.4896
2.1465
1.0980
7.1997
107.9860
3.7517
675.7899
1.7148
2.1358
1.0914
7.1638
0.6433
108.8259
9.3290
675.6599
1.7113
1.4874
2.1537
1.1016
7.2214
0.6414
108.6149
9.3469
3.7583
676.5199
1.6888
1.8129
1.4840
2.1848
1.1169
7.3291
0.6401
109.1040
9.3879
676.3999
1.6931
1.5022
2.1977
1.1243
7.3689
0.6492
108.2189
677.0099
1.7920
1.4846
2.1781
1.1137
7.3079
0.6540
108.5470
677.5800
1.6770
1.8020
1.4953
2.1800
1.1150
7.3106
0.6542
109.0150
9.4700
677.7400
0.9983
1.6757
1.4892
2.1802
1.1141
7.3132
0.6543
108.5710
9.4619
1.7178
1.4942
2.1778
1.1135
7.3026
0.6532
109.2159
9.4930
677.7300
1.7129
1.4823
2.1551
1.1020
7.2295
0.6529
109.2000
9.5220
677.6599
1.7205
1.8260
1.4973
2.1575
1.1039
7.2355
0.6629
109.6400
9.6340
3.7582
678.0499
1.7237
1.4866
2.1699
1.1089
7.2781
0.6640
108.5460
3.7420
679.2000
1.7254
1.4882
2.1286
1.0882
7.1383
0.6596
108.6740
9.5980
679.4199
1.7239
1.8340
1.4785
2.1267
1.0867
7.1338
0.6571
108.4670
9.5830
679.3700
1.7276
1.8480
1.4931
2.1284
1.0888
7.1394
0.6582
108.6070
9.5990
679.4299
1.7423
1.8420
1.4775
2.1461
1.0974
0.6634
109.4550
9.5340
679.4500
1.7339
1.4966
1.1096
0.6697
109.7009
9.5180
680.1699
1.7591
1.8280
1.4914
8.2766
1.1182
0.6687
109.4460
9.5429
681.2200
1.7518
1.5064
1.1198
0.6754
108.6820
9.5790
681.3800
1.4965
8.2773
1.1124
0.6719
106.9040
1.7502
1.5002
1.1153
0.6730
107.0920
9.5869
681.3899
1.7416
8.2767
1.1157
0.6726
107.0570
9.5760
681.2699
1.7477
1.8550
1.4982
1.1081
0.6696
107.0800
9.5380
681.8400
1.7403
1.4993
1.1028
0.6764
106.5150
9.5389
682.4700
1.7516
1.5124
1.1055
0.6781
9.5039
683.0700
1.7555
1.5018
1.0965
0.6791
107.8529
683.4700
1.7443
1.8490
1.5122
1.0750
0.6712
108.0140
9.5579
684.0199
1.7434
1.5021
1.0689
0.6702
107.8370
9.5470
683.9700
1.7571
1.5040
1.0679
107.9980
9.5589
684.0099
1.4910
1.0787
0.6701
107.9120
9.5310
683.9500
1.7356
1.0765
0.6691
107.9740
683.2599
1.7457
1.8240
1.4958
1.0666
0.6660
107.9250
9.5069
680.9900
1.7488
1.4963
1.0746
0.6699
108.0070
3.7542
680.7699
1.7266
1.4708
1.0588
0.6624
107.8900
9.5370
679.1799
1.7292
1.8109
1.4864
8.2787
1.0567
0.6616
108.0010
679.2899
1.7259
1.4756
8.2776
1.0568
0.6627
107.8349
679.2300
1.7175
1.4847
1.0555
0.6592
107.9350
9.5939
679.3200
1.7007
1.7940
8.2775
1.0477
0.6538
107.9240
9.7550
678.9099
1.6884
1.4814
1.0407
0.6579
107.9940
9.8650
679.7899
1.6986
1.0447
0.6623
107.8589
9.9499
679.9099
1.4757
1.0504
9.9120
680.4500
1.7015
1.4689
1.0483
0.6626
107.9060
9.9019
3.7463
680.3600
1.7035
1.4851
1.0499
108.0170
9.9139
680.4600
1.6917
1.0490
0.6610
106.8510
9.8019
680.2300
1.6777
0.6633
107.1110
9.8100
680.7899
0.6663
106.6360
9.7949
3.7483
681.4700
1.6594
1.4816
1.0492
0.6614
106.7020
9.8800
681.5299
1.6472
1.0347
0.6600
106.1610
9.8750
681.7500
1.6480
1.8120
1.4745
1.0374
0.6601
106.6230
1.7960
1.0369
0.6598
9.9039
681.6799
1.6628
1.0449
0.6620
105.8169
9.8729
681.7799
1.6608
105.4530
9.8629
681.7300
1.6605
1.4787
1.0584
0.6674
105.7150
9.8680
680.7300
1.6748
1.0669
104.3379
9.9410
680.6000
1.6832
1.8270
1.4871
1.0685
0.6653
104.7670
9.9629
3.7544
1.6821
1.8190
1.0680
0.6646
104.9419
9.9540
681.2400
1.6851
1.4883
1.0686
0.6657
105.3330
9.9649
3.7543
681.3400
1.6752
0.6680
105.6480
10.0730
3.7471
681.1599
1.6634
1.0577
10.0710
3.7576
681.8200
1.6604
1.4716
1.0607
0.6613
105.4629
9.9689
681.6499
1.4876
1.0518
0.6593
105.3150
9.9000
682.5399
1.6741
1.4740
1.0488
0.6588
105.9929
9.8149
1.6753
1.4887
1.0497
106.0530
9.8260
682.5700
1.6759
1.4777
1.0505
0.6591
9.8030
3.7427
682.4500
1.6711
1.4827
1.0523
0.6615
105.7120
682.0299
1.6714
1.8029
1.0509
106.0819
683.3300
1.6968
1.4945
1.0506
0.6631
107.2020
9.5480
3.7526
683.0099
1.6944
1.4855
1.0517
107.4400
3.7490
683.6100
1.6909
1.4880
1.0561
0.6618
107.9809
9.5239
683.7999
1.6897
1.4807
1.0538
0.6599
107.8990
683.7400
1.6932
1.4860
1.0562
0.6612
107.9400
3.7523
683.8300
1.6894
1.0467
0.6606
107.0849
684.1000
1.4850
107.2279
9.4979
684.5599
1.7000
0.6630
108.3000
9.4580
684.9099
1.7139
1.4895
1.0672
0.6656
108.3379
685.3099
1.7130
1.4763
1.0665
0.6666
107.8409
9.3680
685.4800
1.7150
1.4926
1.0674
0.6669
107.9960
685.5499
1.4760
1.0650
0.6662
107.7850
9.3620
685.4099
1.6990
1.7989
108.2300
9.3339
686.4299
1.7188
1.4754
1.0794
0.6681
108.3210
685.9900
1.7361
1.0824
0.6685
108.4230
686.0599
1.7158
1.4656
1.0710
107.5600
9.3460
686.7200
1.7067
0.6583
108.9809
9.3759
687.0599
1.7060
1.4704
0.6585
108.9899
686.9400
1.7078
108.8780
9.3740
687.1000
1.7090
1.4620
1.0719
108.8319
9.3729
3.7473
686.9500
1.7110
1.0662
109.2180
9.3640
687.6200
1.6911
1.4628
1.0611
109.2580
3.7481
687.9199
1.7003
1.0731
109.3770
9.3659
688.7000
1.7011
1.4741
1.0823
109.6059
687.4099
1.6976
1.4802
1.0838
0.6655
109.6500
9.4070
688.0599
1.6980
1.0829
0.6647
109.5310
687.9600
1.4916
1.0793
0.6673
109.4599
687.5099
1.7282
1.4786
1.0932
0.6695
109.3080
3.7435
687.7300
1.0950
109.0600
9.3670
688.5099
1.7069
1.1034
0.6682
108.3970
1.7084
1.4899
1.1032
108.7159
688.2999
1.7108
1.4812
0.6637
108.5639
688.1900
1.4960
1.1030
108.6800
9.3420
688.3600
1.7038
1.1002
109.0560
688.4099
1.7162
1.4981
1.1101
108.7200
688.7999
1.7291
1.4824
1.1116
107.9020
9.3249
1.7198
1.4886
0.6683
108.9060
9.3320
688.8200
1.7253
1.4739
1.1073
108.6210
9.2620
688.9400
1.7257
1.4924
108.6919
9.2769
689.0299
1.1067
108.6360
9.2650
688.9700
1.7192
1.4856
1.1054
0.6649
109.5669
9.2690
3.7511
689.0900
1.7160
1.0952
0.6642
109.0870
9.2210
689.2000
1.6941
1.0931
0.6670
108.7840
689.3300
1.6868
1.4706
1.0901
108.5010
9.1750
689.4800
1.6956
1.1043
0.6724
108.6029
689.7699
1.6947
1.1017
0.6705
108.3070
9.2910
689.7400
1.4852
1.1027
0.6717
108.3890
9.3049
1.6999
1.4682
1.1085
108.6600
9.2629
689.6100
1.7225
1.4809
0.6747
108.3240
9.2560
689.5900
1.7504
1.4794
1.1113
107.1660
9.2439
689.4900
1.7482
1.1087
0.6752
106.9980
9.2230
689.8400
1.7414
1.8160
1.4750
0.6795
106.9539
9.2330
1.7453
1.4863
1.1077
0.6812
106.9300
9.2400
689.5499
1.7424
0.6806
106.8050
9.2289
689.4700
1.7512
1.4849
1.1105
0.6810
106.5639
689.5099
1.7547
1.4790
1.1200
0.6865
106.1600
9.2240
3.7443
689.7200
1.7383
1.4795
1.1205
0.6861
106.5250
9.1999
689.3400
1.7338
1.4671
1.1258
0.6893
106.6640
688.4299
1.7365
1.1114
0.6840
106.0690
689.5199
1.7359
1.1071
0.6827
105.9070
1.7341
1.1117
106.0430
9.2390
3.7540
689.5800
1.1129
0.6855
105.7970
9.2170
689.6699
1.7598
1.4811
1.1238
0.6882
105.9080
9.2829
690.3600
1.7697
1.4792
1.1477
0.6944
105.9210
9.3360
690.0000
1.7894
1.1470
0.6964
105.1360
9.3040
690.0099
1.7977
1.4746
1.1497
0.7046
9.3100
690.2400
1.8013
1.4798
1.1541
0.7080
106.1070
9.3200
690.2599
1.8001
1.1536
0.7064
106.0180
9.3089
690.2100
1.7826
1.8230
1.4844
1.1647
0.7122
106.1130
9.2590
689.9700
1.4803
1.1593
0.7106
106.9719
9.2430
690.4900
1.8055
1.1655
0.7107
107.1880
3.7549
690.3999
1.8217
1.8310
1.4878
1.1551
0.7102
107.5630
9.2889
689.4099
1.8343
1.1717
0.7155
107.3640
689.2999
1.8346
8.2769
1.1719
0.7158
107.0690
9.4000
689.2300
1.8358
1.8520
1.4845
1.1731
0.7165
107.1810
1.8448
1.8540
1.1706
0.7117
106.9280
1.8411
1.1760
0.7094
107.0240
3.7553
690.7899
1.1785
0.7079
106.5340
1.8406
1.8630
1.4964
1.1662
0.6966
106.8080
690.2699
1.8379
1.1383
0.6854
107.9560
690.7000
1.8391
1.8460
1.4943
1.1418
0.6889
108.0390
690.7699
1.8237
1.1413
0.6875
108.0520
690.7400
1.8209
1.4925
1.1453
0.6896
107.7820
9.4380
690.0299
1.8214
1.1325
107.6050
690.1799
1.8147
1.8530
1.5057
1.1331
0.6838
107.4929
690.7999
1.8342
1.1366
0.6833
107.5770
9.4450
690.6000
1.8354
1.1378
107.6260
690.7100
1.8348
1.8390
1.4976
1.1369
0.6826
107.5470
9.4469
690.6399
1.8385
1.8510
1.5142
1.1328
108.3499
690.7200
1.8294
1.5066
1.1372
0.6813
108.8580
691.4199
1.8344
1.5119
1.1387
3.7608
691.5299
1.8581
1.8430
1.4865
1.1432
109.3340
9.4489
691.4600
1.8732
1.5065
0.6905
109.0230
9.4589
691.5099
1.8742
1.4936
1.1511
0.6899
108.7780
691.7300
1.8729
1.8590
1.5079
1.1518
0.6923
108.9100
9.4770
691.8500
1.8726
1.5005
1.1504
0.6915
108.9200
691.6599
1.8678
1.8620
1.1517
108.9490
691.8300
1.8740
1.4986
1.1473
107.8550
692.3999
1.8718
1.8670
1.5147
1.1513
0.6842
107.6690
692.3600
1.8791
1.8570
107.5720
9.5860
692.2899
1.8983
1.8730
1.5138
1.1722
107.8950
692.8500
1.8969
1.5008
1.1680
0.6887
107.8050
9.5160
692.7999
1.8807
1.8710
1.5129
1.1689
0.6895
107.9110
692.8600
1.9112
1.8660
1.5158
1.1755
108.1250
9.5280
692.8700
1.9215
1.8759
1.5244
1.1712
0.6897
108.1170
9.5670
692.7699
1.9181
1.1904
0.6925
107.8010
9.5489
692.4299
1.9168
1.8859
1.5154
1.1863
0.6916
108.2760
9.5399
691.7100
1.8912
1.8819
1.5080
1.1886
108.9140
9.5530
692.7899
1.8926
1.8870
1.1879
0.6898
108.9220
9.5570
1.8920
1.8839
1.1871
0.6874
692.7000
1.9039
1.8979
1.5170
1.1975
0.6901
108.3679
9.6029
693.3300
1.9036
1.5084
1.1941
107.9150
694.2100
1.9275
1.9299
1.5202
1.2080
0.6991
108.3100
9.6709
693.7699
1.2056
0.6965
9.6570
694.4099
1.9117
1.5331
1.1915
0.6878
108.6900
9.6270
694.3400
1.9195
1.9170
1.5224
1.1917
108.6480
9.6219
694.1799
1.9157
1.5357
108.7460
9.6319
694.2699
1.9108
1.5222
1.1883
108.9470
9.6010
3.7414
693.6900
1.9235
1.5284
1.1791
0.6913
109.2170
693.5099
1.9072
1.9210
1.5280
1.1609
0.6881
108.2050
693.9700
1.9258
1.5391
1.1653
108.2580
9.5800
694.6100
1.5295
1.1532
106.9740
9.6440
695.2899
1.9076
1.9540
1.5369
1.1528
107.1780
9.6549
695.3400
1.8952
1.9430
1.5327
1.1516
0.6894
107.0480
695.2500
1.9024
1.5396
1.1618
0.7012
107.5380
9.6669
694.8500
1.8878
1.9510
1.5313
1.1619
0.6969
106.9560
9.6080
694.8400
1.9027
1.9720
1.5509
1.1696
0.7022
107.4210
9.6649
695.3500
1.8955
1.9650
1.5447
1.1543
0.6983
107.4150
9.6240
694.6799
1.9285
1.9600
1.5484
1.1633
108.0900
694.7699
1.9254
1.1621
0.7002
107.9270
694.6900
1.9530
1.5510
1.1623
0.7016
108.0370
3.7610
694.8300
1.9216
1.9480
1.5392
1.1628
0.6946
107.6119
695.4900
1.9272
1.9550
1.5561
1.1660
0.6998
108.2480
695.8200
1.9220
1.5528
1.1665
0.7005
108.8720
695.7599
1.9233
1.9610
1.5606
1.1741
0.7032
109.0939
9.4990
695.5099
1.9274
1.9670
1.5515
1.1803
0.7023
108.8400
9.4740
695.9299
1.9292
1.9780
1.5629
1.1813
0.7036
9.4809
696.0900
1.9191
1.5562
1.1795
108.7640
695.9500
1.9466
1.5638
1.1750
109.8830
695.5399
1.9581
1.5469
1.1854
0.7048
110.1740
9.3859
695.7200
1.9073
1.5505
1.1860
110.3409
696.5900
1.9167
1.9490
1.5434
1.1916
0.7139
110.3340
9.4019
696.1900
1.9137
1.5492
1.1935
0.7148
111.3790
696.8099
0.9982
1.9166
1.5355
1.1930
0.7137
111.2320
3.7461
696.7599
1.9087
1.9640
1.5404
1.1921
0.7145
111.2580
696.8899
1.8985
1.9630
1.5306
0.7056
110.6540
696.6699
1.9156
1.5450
1.1687
0.7067
110.2730
697.3300
1.9196
1.5371
1.1654
0.7027
111.1720
9.3829
696.6499
1.8943
1.9850
1.5381
1.1471
0.7017
110.5030
696.8200
1.8614
1.9700
1.5375
1.1377
0.6929
111.1970
697.2000
1.5489
1.1382
0.6952
111.4500
9.4179
697.2799
1.8636
1.9760
1.5400
1.1373
0.6942
111.4040
697.1699
1.8350
1.9890
1.5502
1.1252
110.9830
697.2699
1.8552
1.9580
8.2768
1.1355
111.1360
697.7500
1.8262
1.5308
1.1224
0.6938
110.4350
697.8999
1.8266
1.9730
1.5248
1.1234
110.6010
697.5900
1.8263
1.9740
1.1359
0.6928
111.3770
698.5599
1.5133
1.1273
0.6885
110.9260
698.4400
1.8357
1.9710
1.5255
1.1279
111.4899
698.4700
1.8508
1.9660
1.5243
1.1407
0.6857
110.7470
9.4529
696.6900
1.8472
1.5305
1.1390
0.6909
111.5840
9.4849
698.6000
1.8526
1.5219
1.1410
0.6871
112.3790
698.7699
1.8449
1.5236
1.1233
0.6797
112.2210
698.2699
0.9980
1.8361
1.1171
0.6774
112.5849
9.4149
698.7300
1.8307
1.5198
1.1161
0.6784
112.6470
698.7500
1.8367
1.5109
1.1149
0.6776
1.8453
1.5344
1.1194
0.6788
112.2780
9.3819
1.9460
1.5167
1.1167
0.6804
112.4740
698.9700
1.8082
1.5285
1.1003
0.6773
112.7279
1.8015
1.5140
1.0922
0.6785
112.3540
9.6500
699.7300
1.7964
1.0832
0.6780
113.0110
9.5909
699.6000
1.7968
1.9500
1.0830
0.6765
112.8900
9.5779
699.4600
1.0831
0.6793
112.9820
9.5920
699.5199
0.9981
1.7966
1.5162
1.0808
0.6760
112.8450
1.5157
1.0732
113.7429
699.0299
1.7897
1.0749
0.6679
114.3050
699.4400
1.8064
1.0770
0.6700
114.6020
699.8099
1.7903
1.4980
1.0618
114.4200
9.6489
699.9199
1.7891
1.9560
1.5043
1.0622
0.6703
114.5210
9.6579
700.0399
1.7874
1.4967
1.0615
114.3920
9.6430
699.9400
1.7907
1.5011
1.0626
114.5740
9.6519
700.0099
1.7877
1.4901
1.0515
114.3890
9.8089
700.2200
1.5033
1.0774
0.6715
113.7610
699.3500
1.9359
1.4907
1.0520
0.6654
115.7189
9.7420
698.7400
1.5051
1.0451
0.6667
116.6610
9.7669
1.7507
1.4947
1.0455
116.6130
698.5900
1.7506
1.5061
1.0454
116.6760
9.7650
698.6799
1.7565
1.0542
0.6676
116.0720
9.7270
697.6100
1.7746
1.0589
0.6711
116.8990
9.7780
698.3600
1.7978
1.5016
0.6720
116.5050
9.8049
699.2999
1.7828
1.0510
0.6684
117.7159
9.8840
700.0599
1.4938
1.0502
118.5540
9.9009
700.2500
1.7931
1.5037
1.0512
0.6772
118.5550
9.8989
700.8400
1.4915
118.3060
700.9600
1.0620
0.6771
119.0300
9.9269
699.3300
1.8026
1.9450
1.5028
0.6787
117.6290
9.9600
699.4099
1.8085
1.5180
1.0709
0.6790
118.9240
700.3200
1.5034
1.0580
0.6778
117.9719
9.8230
699.7500
1.7992
1.9620
1.5144
1.0708
0.6837
117.2850
9.7970
699.7599
1.7982
1.9590
1.5074
8.2761
1.0696
0.6835
117.2279
9.7820
699.6799
1.5212
1.0704
0.6843
117.1390
9.7959
3.7604
699.7200
1.4951
1.0640
0.6823
116.3000
9.8000
699.7100
1.8111
1.5174
0.6807
117.1760
9.7690
700.1100
1.8416
1.0842
0.6864
117.7950
9.6730
700.5499
1.8339
1.5118
0.6846
116.9130
9.6920
700.1699
1.8373
1.0818
117.3830
700.6399
1.9820
1.5132
1.0835
0.6853
117.3040
700.7500
1.8409
1.5039
1.0822
0.6841
117.3139
9.6620
700.6699
1.8432
1.0911
0.6868
116.7510
9.6400
700.7899
1.8245
1.4941
115.8940
9.6739
700.9199
1.8167
1.5041
1.0684
116.5130
700.7699
1.8061
1.9860
1.0634
115.5560
9.7859
701.2500
1.8093
1.9950
1.4995
1.0690
0.6805
115.7970
9.7910
701.5599
1.8083
1.4917
0.6803
115.6770
701.4099
1.9990
0.6814
115.7650
701.5700
1.9940
1.5032
1.0654
114.6940
9.7530
701.1900
1.8254
1.5187
1.0763
114.9250
9.7059
3.7574
701.7000
1.8329
1.9960
1.5076
1.0757
116.3559
9.6880
3.7441
701.9400
1.0895
0.6924
116.8110
9.6910
702.2599
1.8643
1.5101
8.2764
1.0798
0.6921
117.5540
9.7400
702.4299
1.8701
1.5193
0.6932
117.6100
9.7490
702.5199
1.5099
8.2763
1.0805
0.6918
117.5939
9.7439
702.4400
1.8564
1.9900
1.5302
1.0741
0.6886
117.5150
9.7200
702.7400
1.8741
1.5203
1.0859
116.6089
9.7119
702.7000
1.8902
1.5307
1.0904
0.6872
116.5770
703.7599
1.9086
1.9810
1.5200
1.1057
0.6891
115.4250
9.6809
703.6499
2.0099
1.5430
1.0941
9.7140
704.5199
1.8915
1.5334
9.7020
704.4900
1.8953
1.5441
1.0943
0.6917
115.8930
704.5800
1.8855
1.5253
1.0843
116.0360
9.6959
703.6599
1.9080
2.0139
1.5405
1.0971
115.9020
704.8099
2.0360
1.5336
1.1001
116.5400
9.7379
3.7501
704.7200
2.0449
1.5417
1.1053
117.0120
9.7249
704.6399
1.9009
2.0369
1.5361
1.0871
0.6873
115.9290
9.6769
704.2200
1.9078
1.5407
115.8780
9.6969
704.2999
1.9116
2.0280
1.0876
115.8270
9.6890
704.2400
1.9119
1.5351
1.0972
0.6927
116.5290
704.2300
1.5249
1.0893
116.1420
9.6820
704.8700
1.9005
1.0834
117.3970
704.7500
2.0329
1.5436
1.0751
117.4500
9.6720
705.1499
1.8883
2.0350
1.0707
119.1520
9.6600
1.8871
2.0230
1.5435
119.1790
9.6560
706.4199
1.5482
1.0697
119.2910
9.6980
709.0800
1.9192
2.0179
1.0754
119.0999
9.6310
704.9700
1.9290
1.5429
1.0711
0.6822
119.0160
705.3700
1.9641
1.5463
1.0752
120.0290
9.6329
705.6399
1.9567
2.0579
1.5556
1.0744
0.6817
119.7540
9.6530
705.7999
1.9676
2.0400
1.5410
1.0721
119.5650
705.4099
1.9549
2.0459
1.5572
0.6815
119.6360
9.6609
705.6000
1.9598
1.5468
1.0730
119.2440
1.9635
2.0690
1.0755
120.5290
9.6760
704.7400
1.9817
2.0569
1.5367
1.0930
0.6892
119.7960
704.4099
2.0800
1.5602
1.0981
0.6931
121.1610
9.5850
705.2799
2.0301
2.1030
1.5566
0.6948
122.3510
705.0800
1.0012
2.1290
1.1166
0.6986
123.0840
705.9299
2.0238
2.1269
0.6973
123.0490
9.5809
705.8200
1.0011
2.1330
1.5723
1.1156
0.6981
123.1260
9.5969
705.9600
2.0042
2.1659
1.5583
1.1125
0.7010
122.9779
705.6499
1.9964
2.0920
0.6967
122.4100
705.7899
2.1210
1.5759
1.1160
123.4280
705.7300
1.5805
0.7043
123.6470
705.7100
2.0156
2.1720
0.7009
122.7950
706.1699
2.0165
2.1810
1.5711
0.7019
122.8330
9.5690
706.2899
2.1709
1.5599
1.1210
122.8740
9.5519
706.2300
1.9974
2.1400
1.5666
1.1168
0.6971
122.8580
706.8300
2.0038
1.5630
1.1189
0.6977
122.2219
707.2300
2.1280
1.5660
1.1293
122.4929
707.9900
2.0295
2.1539
1.5701
1.1327
123.5990
707.6599
2.0613
2.1629
1.5832
1.1386
0.7066
126.4220
707.7899
2.0525
2.1450
1.1435
0.7057
126.2410
9.4540
707.6799
2.0333
2.1589
1.1443
126.3660
9.4640
707.7599
2.0941
2.1650
1.5763
1.1363
0.7053
126.7590
707.4900
2.0545
0.6987
125.6900
708.3400
2.0468
2.1730
1.1091
125.3780
2.0407
2.1610
1.5797
1.1192
0.7013
124.3450
708.8400
1.1066
0.6951
123.8550
708.6599
2.0078
2.1739
1.5698
123.8160
708.7699
2.0246
2.1619
123.6520
708.7100
2.1669
1.5702
1.1163
125.1290
709.3099
2.0142
2.1309
124.2880
9.2810
709.1599
1.9883
1.5730
1.1274
124.8319
709.7999
1.9677
1.5523
1.1207
0.6945
123.5830
709.7000
1.9662
2.1579
1.5713
1.1261
124.3240
709.8200
1.9654
2.1459
1.5592
0.6954
124.2129
709.7300
1.9661
1.1269
0.6956
124.2690
709.7899
1.9585
2.1829
1.1270
0.6968
124.5819
1.9895
2.2020
1.5637
1.1347
123.5000
9.2500
710.5399
1.9857
2.1749
1.5618
1.1292
0.7004
122.3439
9.2409
710.7500
2.1960
1.5576
1.1162
121.4719
9.3059
709.7200
2.2679
1.5356
1.1070
122.4260
710.9400
2.2749
1.1100
0.6936
122.4330
9.4009
711.0700
1.9428
2.2660
1.5426
1.1092
0.6926
121.9770
710.9800
1.9807
2.2610
1.1147
121.3280
711.9400
1.9751
2.2620
1.5470
1.1187
122.1740
9.2739
711.3200
1.9766
2.2919
1.1164
122.3640
9.3030
711.3500
2.2440
1.1062
0.6943
123.1640
711.6200
2.2100
1.1237
0.6988
124.1310
9.2820
711.8099
1.9653
2.2000
1.5415
1.1236
0.6939
124.1059
9.2789
711.6599
1.9663
2.2050
1.5456
1.1245
124.1979
711.7100
1.9518
2.1989
1.5363
1.1264
123.5950
712.7599
1.9316
2.2069
1.5394
1.1218
0.6975
122.1210
712.5700
2.2360
1.5279
1.1196
0.6976
121.8439
712.4500
2.2210
1.5402
1.1247
121.4890
9.2729
713.0199
2.2080
1.5262
1.1185
121.2970
713.1599
1.5370
1.1206
121.3720
9.2750
713.3200
1.9259
2.2029
1.5319
121.2830
713.1799
2.2200
1.5428
1.1241
0.6961
121.2180
9.1989
3.7521
713.5900
1.9392
2.2380
1.5437
1.1315
0.7018
121.2580
9.2089
713.4600
1.9071
1.5475
1.1303
0.7039
122.2099
713.8500
1.9084
2.2519
1.5365
1.1345
122.6850
9.1980
713.6499
1.9182
2.2930
1.1416
122.5960
9.2279
714.5599
1.9169
2.2740
1.1426
0.7045
122.4860
9.2050
714.3999
1.9177
2.2890
1.1419
0.7049
122.5680
714.6000
1.9249
2.3090
1.5423
1.1431
123.2560
9.1600
714.7000
2.3490
1.5497
1.1396
0.7029
123.5870
9.2059
714.7999
1.9107
1.5368
1.1323
0.6994
123.5669
9.1460
2.3130
1.1337
122.6140
9.0039
715.8300
1.8885
2.3050
1.5320
1.1364
123.5680
9.0320
715.5000
1.8906
2.3119
1.5353
1.1358
0.6949
123.6230
9.0370
715.6399
1.8967
2.2999
1.5286
1.1344
123.4940
9.0310
3.7421
2.3279
1.5390
0.6953
122.8150
8.9749
715.2999
1.9115
2.3190
1.5349
1.1563
0.6996
122.7640
8.9979
715.2500
2.3540
1.5519
1.1685
0.7052
119.8589
9.0820
716.0399
2.3460
1.1666
0.7092
119.8700
9.0839
716.4900
1.9238
2.3530
1.5488
1.1625
120.7830
9.1140
717.6000
1.9291
2.3439
1.5431
1.1632
0.7030
120.6220
9.0990
717.4400
2.3450
1.1641
0.7040
120.7020
9.1110
717.5299
1.9221
2.3270
1.5443
1.1629
121.1140
9.0739
717.6900
2.3500
1.5401
1.1714
0.7037
120.1880
9.1159
715.2899
1.9504
2.3380
1.5427
120.3690
9.1899
715.0000
1.9755
2.3839
1.1832
119.2610
9.1929
716.0599
2.3780
1.5303
1.1787
119.2540
9.1660
714.9299
1.9681
2.3820
1.5459
119.3640
9.1769
715.0800
1.9774
2.3759
1.5289
0.7028
119.1889
9.1669
1.9706
2.3860
1.1823
0.7075
119.3499
9.1809
715.7599
1.9591
2.3809
1.5250
1.1707
0.7070
120.2429
9.1440
715.3999
2.3910
1.5321
1.1786
0.7188
120.3800
9.1180
715.5099
2.3630
1.1761
0.7179
120.1250
9.1059
715.7200
2.3610
1.5230
1.1766
0.7258
121.0620
9.0600
716.0800
1.9028
1.1752
0.7238
120.8790
9.0530
715.9199
1.9035
2.3660
1.5264
1.1770
0.7245
120.9689
9.0549
716.0900
2.3719
1.5159
1.1851
0.7282
121.9710
9.0519
716.3999
1.9057
2.4119
1.5299
0.7298
121.7600
9.1340
716.5299
1.8899
2.4230
1.5072
1.1698
0.7183
122.0420
9.0480
716.9800
1.9021
2.4279
121.4539
9.1029
717.3500
2.4089
1.5240
1.1598
0.7114
123.0610
9.0259
1.9083
2.4209
1.1589
0.7126
122.7800
9.0329
717.0099
2.4140
1.5209
1.1577
0.7120
122.7740
9.0250
716.9299
1.9120
2.4649
1.5378
1.1616
123.3910
715.7699
2.4700
1.5315
1.1699
0.7135
122.9560
9.0790
717.2200
1.9288
2.4720
1.5409
1.1708
0.7157
123.8780
9.0850
717.7999
1.9296
2.3769
1.5204
1.1690
0.7065
124.5370
9.0779
717.7400
2.3100
1.1679
0.7090
124.5080
9.0510
717.7200
2.2959
1.1656
0.7073
124.4599
9.0399
717.6699
2.3079
1.5254
1.1677
0.7086
124.4490
717.7599
1.9348
2.2970
1.5120
1.1638
0.7068
123.6979
718.1799
2.3330
1.5173
1.1585
0.7074
123.9980
718.7599
2.3319
1.5153
1.1624
124.4130
9.0649
718.7400
1.9772
1.1850
0.7110
124.7690
718.8400
2.3020
1.5081
1.1773
124.7060
718.6799
1.9594
1.5260
0.7069
124.7750
9.0449
719.0299
1.9583
2.3109
1.5115
0.7054
124.6850
9.0359
718.9299
1.9579
2.3410
1.5237
1.1815
124.3870
9.0340
718.7899
1.9306
0.7109
124.3920
9.0500
718.9099
1.5210
1.1826
0.7108
124.6179
9.0999
720.0000
1.9436
2.4630
1.5108
125.7820
719.6599
1.9686
2.4319
1.5298
1.1811
0.7095
126.0580
9.1430
720.8200
1.9680
2.4300
0.7077
125.7410
9.1310
720.7000
1.9665
2.4359
1.1819
0.7093
125.8139
720.7899
1.9601
2.4420
1.5160
1.1788
0.7105
125.4280
719.6699
2.5040
1.5241
0.7096
125.4250
9.1850
720.5199
1.9798
2.4950
1.5242
124.3460
9.2460
720.6200
1.9826
2.5640
1.1721
123.9650
721.7300
2.5710
8.2765
124.9170
722.7599
1.9691
2.5779
1.1715
125.0290
722.8300
1.9776
2.5690
1.5316
1.1702
0.7119
124.6800
2.5819
1.5385
1.1700
0.7149
125.5990
9.2899
722.7200
1.9634
2.4920
1.5383
1.1637
0.7134
125.0210
9.1539
723.1399
2.5259
1.5419
1.1468
123.9820
9.2119
723.5299
1.9427
2.5000
1.5339
1.1476
123.4260
9.2100
723.6399
1.9784
2.4520
1.5448
1.1482
0.7000
123.0420
9.1709
723.7699
1.9770
2.4460
1.1475
0.6989
122.9749
9.1639
723.6699
1.9773
2.4580
123.1480
9.1730
723.8300
1.9684
1.5412
1.1499
0.7038
9.0920
724.2000
1.9678
2.4790
1.5439
1.1412
123.9700
724.3099
2.4780
0.6999
123.6270
9.1489
724.9400
1.9668
2.4990
1.1406
123.7450
724.8200
1.9671
2.4449
1.1402
123.4790
9.1549
725.2300
1.9672
2.4609
123.6010
725.3200
1.9675
2.4480
1.5288
1.1395
0.7020
123.4569
725.2500
1.9796
1.1440
125.1630
726.6100
1.9633
1.5261
125.0260
725.6799
2.4889
1.5411
0.6978
124.5969
726.7599
2.4820
1.5341
1.1310
123.6119
9.1869
727.6900
1.9367
2.5099
1.1316
0.7008
123.7309
9.1699
728.5399
1.1309
123.7830
9.1620
728.4400
1.9360
2.5049
1.1322
123.8800
728.5299
1.9326
2.4489
1.1336
0.7034
123.8630
9.1419
728.6900
1.9408
2.4880
1.1397
0.7060
123.5920
9.1359
730.5399
1.9268
2.4769
1.5348
1.1357
123.6450
732.3800
1.5454
1.1220
0.7024
121.9520
9.1210
729.5099
2.4569
1.1183
0.7015
121.9200
729.4700
2.4670
122.0680
9.0939
1.9456
1.1190
122.0310
9.0830
729.4400
1.5458
1.1146
122.5720
9.1219
729.5700
1.9138
2.5089
1.5354
121.7800
9.1280
729.4600
1.8923
1.0958
119.5430
729.8500
1.9067
2.4980
1.0956
119.9620
729.6799
1.8673
2.5240
1.5516
0.6922
120.2330
729.8099
0.9979
1.8691
2.5110
1.0912
0.6914
120.1840
9.1229
729.6399
1.8694
2.5249
1.0920
120.3110
729.7699
0.9978
1.8779
1.0939
120.7110
9.1250
730.1699
1.8724
2.5539
1.0919
119.6500
9.1690
730.7599
1.8714
2.5120
1.5350
1.0934
0.6903
120.4599
732.7300
1.8737
2.5369
119.9689
733.8099
1.8712
2.5390
1.5395
1.0944
120.0620
734.9099
2.5520
1.5466
120.2890
735.0599
1.8709
2.5470
1.0936
120.0410
9.0969
734.9700
1.8886
2.5619
120.0750
9.1349
735.0700
2.5569
1.5387
120.1300
9.1530
735.9199
1.8894
1.5504
1.0992
120.2260
738.0499
1.8809
1.5377
1.0905
119.4620
736.9500
1.8898
1.5609
1.0978
0.6879
118.8090
9.2129
737.0000
0.9970
1.8891
2.5630
1.0955
118.7200
9.2020
736.9700
1.8939
1.0989
118.9340
9.2149
737.0299
2.5609
1.5445
1.1009
118.7590
9.1890
737.9800
2.5699
1.5617
1.1259
0.6937
119.2050
740.0099
1.9185
2.5720
1.1283
0.6860
120.6500
9.2520
741.9500
1.9158
2.5840
0.6863
121.1110
745.5099
2.5810
1.5567
1.1015
120.0260
747.4800
1.9263
2.5899
1.5766
1.1024
120.1340
747.5800
1.9256
0.6836
120.1510
747.4500
2.6150
1.5640
1.1130
121.0360
746.0499
2.6539
1.5595
1.0933
0.6770
119.0370
746.1799
2.6659
119.1470
746.3099
1.9362
2.6509
1.5641
1.0976
0.6794
118.8990
743.9800
1.9434
2.6930
1.5724
1.0985
0.6800
117.4020
744.0099
1.9420
2.6770
1.5624
8.2757
1.0982
117.3600
743.9700
1.9431
2.6880
1.5679
1.0983
0.6801
117.4440
9.5510
744.0000
1.9903
2.6579
1.0811
117.7450
744.1799
2.6720
1.5806
1.0785
117.3940
9.5549
745.1000
2.7780
8.2861
1.0781
117.5420
744.4299
2.0276
2.7980
8.2866
1.0791
116.3660
745.0800
2.0640
2.8530
1.0945
116.6620
2.0611
2.8590
1.5793
8.2868
1.0951
0.6866
116.7309
744.0800
2.0602
2.8519
1.5656
8.2863
117.9070
743.9199
2.0387
2.8620
8.2878
1.0927
117.5999
744.1100
2.0259
2.7650
8.2865
117.6089
9.3900
2.0413
2.8090
1.5768
8.2873
117.8070
744.0299
2.0514
2.8149
8.2859
1.0896
0.6777
119.5699
744.1900
2.0320
8.2870
119.5480
744.4700
2.0282
2.7540
1.5721
8.2860
744.3700
2.7639
8.2876
1.1000
119.7009
744.4500
2.0190
2.7570
1.0907
120.2350
9.5090
744.2200
2.0194
2.7669
1.5762
1.0883
120.8730
744.3400
2.0154
2.7519
1.5658
8.2858
120.5990
744.2300
1.5729
8.2871
1.0909
120.5960
9.6099
744.0700
1.9723
2.8340
0.6746
120.4380
743.9099
1.9724
2.8399
1.0906
0.6743
120.6390
2.8300
1.5526
8.2864
0.6735
120.4020
743.9600
2.8630
1.5722
1.0881
120.0050
744.2699
1.9972
2.8559
1.0935
120.1870
9.4719
744.1399
1.9939
2.8750
8.2872
120.3910
1.5622
1.1079
121.4470
2.8690
1.5693
1.0999
121.3870
9.3529
744.2999
1.9762
2.8599
121.1290
744.2400
1.9726
2.8719
121.0780
744.3800
1.9374
2.8660
8.2857
120.9060
1.9554
2.8670
1.5733
8.2875
1.1011
0.6907
9.2349
744.2000
2.7959
1.1059
121.1720
9.2599
1.9744
2.8100
1.5847
0.6935
121.1650
744.0499
2.8439
121.1670
744.2500
1.9645
2.8540
1.1133
121.3850
744.2599
1.9637
2.8450
1.5686
1.1120
121.2440
9.1969
1.9615
2.8260
1.5867
8.2879
122.5570
9.2579
744.0399
1.9709
2.8020
1.5650
0.7006
122.6400
2.8220
122.9479
744.5399
1.9851
2.8430
122.8710
9.2880
744.4199
1.9931
1.5854
1.1212
0.6963
122.8000
9.2850
744.5800
1.9891
1.5747
122.7660
9.2759
1.9902
1.5794
8.2874
1.1214
122.8589
2.8239
1.5671
1.1050
122.0030
744.5000
1.9847
2.8279
1.5815
8.2867
1.1063
122.0070
745.0900
1.9867
2.8109
1.5835
1.1111
122.3950
745.1699
2.7850
1.5963
0.6848
122.0909
9.3170
744.8099
2.7549
1.5874
1.1069
0.6834
121.6880
745.1300
1.5965
1.1082
121.6770
9.2780
745.2400
2.7599
1.5894
121.6320
1.9666
2.7360
1.6016
1.1142
0.6862
121.8770
9.2469
745.0299
1.9475
1.5824
121.1780
9.2300
744.9800
1.9423
2.7000
1.6025
120.9590
745.3099
1.9399
2.6389
1.5979
1.1201
120.1080
9.2449
744.9600
2.6400
1.6113
120.3940
9.2420
745.4400
1.9416
2.6290
120.3080
9.2270
745.3700
1.9458
2.8210
1.6119
120.5070
745.5000
2.6309
1.5969
1.1180
0.6877
1.9226
2.6349
1.5991
1.1362
121.7770
745.5900
1.9241
2.6190
1.5887
121.5350
745.7300
1.9301
2.6379
1.5927
1.1348
122.4120
746.1599
1.9152
1.5855
1.1304
122.8280
9.2070
745.9400
1.9144
2.6419
1.5911
8.2880
123.0100
746.0800
1.9149
2.6330
1.5871
1.1301
0.6995
122.8240
9.2040
745.9500
1.9188
2.5339
1.5952
0.7082
123.1870
1.5859
0.7042
122.5160
9.1799
745.9600
1.9368
2.6469
1.6035
1.1376
123.1059
9.1880
747.1799
1.9357
2.6259
1.5953
123.9860
746.6200
2.6170
1.6037
124.3529
9.1649
747.1900
1.9335
2.6110
1.5934
1.1391
0.7097
124.2910
747.0599
1.9322
2.6120
1.6062
1.1398
124.3589
9.1630
1.9269
2.5770
1.5899
0.7083
124.0310
746.6699
1.9151
2.5590
1.5955
123.9569
747.3200
1.9171
1.5750
1.1255
747.9600
1.9327
2.6050
1.5880
8.2882
1.1263
123.8340
9.3190
748.3800
1.5710
123.4000
748.0199
1.9187
2.6200
123.5500
748.1399
1.9176
2.6130
123.3250
9.2539
748.0399
1.9366
2.5880
1.5863
1.1225
124.1740
9.2639
748.6000
2.5160
124.1860
748.6900
0.7062
124.2750
9.2669
749.9900
2.5360
0.6997
124.6730
9.2609
750.7400
1.9443
1.5843
1.1257
125.5960
751.0900
1.9449
1.5741
125.5560
750.9800
1.5761
1.1228
0.6982
125.6690
751.0299
1.5699
1.1217
0.6959
126.0450
750.9500
1.9394
2.4180
1.5800
1.1208
0.6957
126.2570
9.1839
751.5199
1.9234
2.4310
1.5657
125.7750
9.1560
751.4099
1.9289
1.5690
1.1203
126.1040
9.1129
751.5900
1.9253
1.5596
1.1061
127.4290
9.1300
752.7400
2.4849
127.4550
752.7699
1.9248
2.4740
1.1072
127.4950
9.0879
1.9340
1.1090
127.6370
9.1370
753.9299
2.4289
1.5669
127.7740
9.1020
753.6799
2.3990
1.5821
1.1107
128.0410
9.1389
754.8999
1.9794
2.4150
1.5728
1.1097
128.5010
3.7406
756.4900
1.9717
1.5895
129.7110
757.2599
2.4070
1.1277
129.4840
9.1289
757.1799
2.4159
1.1271
129.6649
757.2699
2.4060
1.5841
0.6933
129.8309
9.0860
757.2300
1.6021
130.9650
757.3200
0.9929
2.4049
1.5938
1.1367
130.7690
757.1900
0.9943
1.9714
2.4030
1.5983
131.7560
9.1470
759.8200
0.9938
1.9561
2.4020
1.5839
1.1289
131.0530
9.1780
768.9099
0.9946
1.9562
2.4079
1.5926
1.1291
131.2290
9.1920
769.0000
1.9555
1.5846
1.1286
131.0900
9.1859
768.9199
1.9595
1.5932
1.1222
131.7760
769.1000
1.9618
1.5826
1.1246
131.5670
9.1959
768.9400
1.9426
1.6066
0.6919
132.2419
760.2300
1.9444
2.3740
131.6289
760.6000
0.9950
1.9222
2.3950
1.5988
131.0170
761.0499
0.9932
1.9208
1.5866
1.1175
131.0060
9.1270
760.9299
2.3879
1.5970
130.9820
1.3994
2.4340
130.9799
762.6799
1.4005
1.9095
1.6048
1.1209
132.7670
9.2260
760.5599
1.3993
1.9048
2.4710
1.5968
132.8400
764.4800
1.4004
1.9125
2.4800
1.6013
1.1232
132.5989
762.3500
2.5270
1.5933
132.1190
762.9500
1.9239
1.5975
132.2899
763.0700
1.3995
2.5219
1.5942
132.2220
9.2370
762.9600
132.1589
9.2569
762.0599
1.3990
1.9312
2.4660
1.5860
0.6941
131.3570
762.9299
2.4830
1.6020
131.8750
764.0099
1.3991
2.4440
1.1351
132.5060
9.1329
764.7000
1.9448
1.6228
0.6962
132.6310
2.4689
1.6076
132.5149
9.1400
1.4006
2.4870
1.6194
1.1318
132.5939
1.8491
2.4560
1.6073
1.1311
132.4799
763.9700
1.9277
1.6187
1.1290
133.9970
764.0199
1.8747
8.2855
1.1384
134.2980
9.1570
763.9099
1.7556
1.9267
1.6057
1.1405
134.8899
9.1609
764.5399
1.7541
1.9373
1.6075
0.7085
134.2820
764.6900
1.6192
1.1592
0.7100
134.4190
764.8300
1.7749
1.9371
1.6045
1.1554
0.7098
134.6649
3.7403
764.7400
1.7753
1.9407
1.6082
1.1599
0.7089
133.6090
765.0399
1.8141
1.9639
1.5929
1.1556
0.7072
133.3259
9.1790
765.7500
1.8159
1.9745
2.5230
1.5891
1.1615
132.9550
9.1760
767.0199
1.1649
0.7078
134.6620
766.6699
1.8156
2.5070
1.5989
1.1611
133.1229
9.1590
768.7300
1.8143
2.4940
1.5811
1.1595
132.9629
9.1519
768.7000
2.0253
1.9622
1.5972
1.1626
133.3150
766.5000
2.0244
132.2990
768.7100
2.0257
2.5179
1.6014
1.1533
133.9590
769.5599
1.9664
1.5974
1.1519
0.7076
133.6459
9.1259
773.2100
1.9651
1.5992
1.1487
133.7280
784.0499
1.5928
1.1454
134.5629
791.9099
2.5379
1.6092
1.1460
134.8570
792.0499
2.0243
1.5944
1.1452
134.6850
2.0255
2.5449
1.5978
1.1423
133.5339
797.0499
2.5419
1.5906
132.6720
796.8999
1.9623
1.1484
133.4840
9.0679
827.0800
2.4960
1.5879
1.1439
132.0130
826.9400
2.5299
1.1456
0.6984
132.6879
9.0800
827.0499
2.0245
1.1451
132.6519
826.9900
1.9336
2.5400
1.1462
132.6639
9.0719
827.0700
2.0240
2.5139
132.6960
9.0869
2.5280
1.5998
1.1415
133.7419
9.1150
927.0199
1.5883
1.1496
0.7003
133.7330
926.9400
2.1953
2.5150
1.5930
1.1500
134.2500
9.0930
971.0199
2.1941
1.9512
1.5873
134.0180
9.1069
970.9299
2.5190
1.6026
1.1429
134.1620
971.0299
2.1949
1.9484
1.5903
134.0279
970.9500
2.1951
2.5129
1.6087
1.1515
0.7026
133.8240
1087.9700
2.1493
1.9471
1.1566
134.6130
9.1120
1087.8399
2.1509
1.9415
1.6183
1.1555
134.3899
1087.9900
1.1508
133.5900
9.1410
1087.8199
2.1501
1.5931
1.1571
0.7059
133.3969
1087.9500
2.1492
2.4529
0.7044
133.4149
2.1505
1.5962
1.1560
133.5530
9.1010
1087.9800
1.9207
1.5818
1.1501
132.2100
1087.8499
132.2659
9.1050
1.9134
2.4110
1.5798
130.6190
9.0909
1087.8699
1.9052
1.5896
1.1343
127.1770
1.9111
2.4590
1087.8599
1.5890
128.6939
2.2347
2.4550
128.5310
957.9099
2.2357
1.1428
0.7047
128.4530
9.0950
958.0800
2.3592
1.9211
2.4350
1.5792
128.9180
9.1170
934.9800
2.3601
1.6059
129.5560
935.0700
2.3599
129.2270
934.9700
2.3607
1.9040
8.2885
1.1335
129.2570
9.0960
935.0099
1.9015
1.1329
129.0250
934.9400
2.4510
1.9029
1.5870
8.2881
1.1342
129.1080
935.0499
2.4491
1.5803
131.3590
934.9900
2.4508
2.4409
132.0740
9.0890
935.0000
2.4496
1.8858
1.1294
131.4389
934.9099
1.8866
2.4369
1.5833
0.7014
132.0099
9.0690
2.4493
1.8845
1.1400
132.7640
9.0660
2.4500
1.8865
1.1408
0.7025
132.9830
9.0579
935.0900
2.4497
1.8863
132.8880
9.0410
3.6004
1.5892
133.4739
9.0389
935.1000
2.8691
1.8962
132.9120
9.0589
880.9600
2.9605
1.8964
1.6012
1.1458
132.7210
9.0380
922.0800
2.9594
1.8720
1.1483
132.6430
9.0169
921.9099
1.8753
1.6052
1.1478
132.8390
9.0700
922.0299
2.9596
1.8738
1.5900
1.1490
132.5600
921.9700
2.9609
2.4220
1.6019
132.8069
922.0399
2.9597
1.5921
133.4530
9.0210
929.9199
3.0007
1.8708
133.5099
906.0499
2.9489
1.8783
1.5830
1.1346
132.7200
898.9099
2.7502
1.8853
1.6009
132.3920
887.0399
2.7496
1.8851
1.1375
131.6150
886.9199
2.7503
2.3969
1.5947
131.7160
887.0499
1.8888
1.5869
1.1365
9.0280
886.9600
2.7705
1.8932
1.6028
131.6420
9.0630
919.0900
2.7793
1.8933
2.2700
131.0790
890.9400
2.7902
1.8826
1.5960
130.8839
887.0700
2.8296
1.8706
2.2810
1.5807
1.1324
131.4610
9.1099
850.9500
2.8306
1.8728
1.5884
1.1379
132.0770
9.1189
851.0399
2.8298
1.8717
2.3710
131.8810
851.0000
2.8307
131.9940
2.9592
1.8827
1.1368
132.0399
887.9900
2.9007
1.8758
2.3260
1.1334
131.2570
909.0199
1.8594
1.5665
1.1223
130.6270
855.9299
2.8401
2.4169
1.5774
1.1235
0.6911
130.0749
856.0299
2.8391
1.1202
130.1900
855.9800
130.4060
9.3610
856.0099
2.8395
1.8536
1.5682
1.1227
130.4139
855.9700
3.1402
1.8501
2.3479
1.1254
130.0140
9.2949
857.0900
3.1396
1.8576
2.3519
1.5684
1.1249
0.6906
130.1210
853.9700
3.1408
1.5726
0.6908
129.6370
846.0700
3.1393
1.8407
1.5580
128.6990
842.9199
1.1095
127.8510
9.3780
843.0800
3.1394
1.8387
127.9180
842.9500
2.4620
1.1104
127.9150
843.0000
2.8992
1.8555
2.3550
1.5623
127.9960
843.9400
2.9700
1.8588
2.3690
1.5731
0.6870
128.5550
856.0499
3.0099
1.8519
1.5513
127.4800
9.4429
856.9900
3.1006
1.8666
2.4009
1.5677
1.1083
127.9320
876.0199
3.0996
1.8535
1.5547
1.0899
0.6798
126.9190
9.4830
875.9199
3.1004
1.8543
1.5654
127.0460
9.5000
876.0700
3.0998
2.4809
1.5565
1.0892
126.8880
876.0000
3.1802
1.8547
1.0900
127.2110
9.5609
921.0800
3.1890
1.8531
1.5589
1.0924
127.8950
922.9800
3.2004
1.8542
1.1065
0.6876
128.9820
938.0199
3.1999
1.8381
0.6845
128.3040
9.4960
950.9900
3.2000
1.8368
2.5670
1.5662
127.7180
951.0599
3.1995
2.5600
0.6824
127.6330
1.8374
1.5608
0.6844
127.7000
9.5169
951.0099
3.1997
1.5461
1.0966
127.8210
979.9099
3.2208
1.8271
128.5980
986.1000
3.2191
1.8207
1.5533
127.6119
9.4909
1000.9500
3.2204
1.8233
2.5939
1.5582
1.0975
128.1130
1001.0100
3.2193
1.8102
2.5459
1.5460
1.0860
0.6858
125.8700
9.4900
1000.9200
1.8108
1.5511
125.8300
1001.0400
3.2189
1.5366
1.0862
126.0000
1000.9600
3.2202
1.5438
125.4580
1001.0700
3.2198
1.7967
2.5659
124.0990
3.2200
1.7902
2.5750
1.0807
124.2800
9.5679
1001.0800
2.6000
1.5360
1.0852
124.9530
9.5199
1000.9299
3.2201
1.7974
2.6269
1.5424
1.0866
124.7320
1001.0500
3.2197
1.7990
1.0858
124.6960
1000.9900
1.7981
2.6179
124.8730
9.5770
1001.0300
3.4197
1.7946
1.5259
124.6889
1030.9400
3.4901
0.6856
124.6410
1071.0899
3.5994
1.7764
2.5080
124.3970
1122.9800
3.5905
1.7734
1.5442
123.5230
9.7180
1151.0400
3.5699
1.7635
124.1450
1094.9900
3.5703
1.7625
2.5209
1.5373
124.4150
9.6790
1095.0699
3.5691
1.7653
8.2856
1.0717
124.2350
9.6630
1094.9000
3.6099
1.7522
1.0630
123.7110
9.6839
1091.0300
3.6295
2.6040
1.0649
124.0840
9.7660
1090.9400
3.6503
1.0648
124.5180
1096.0500
3.6398
2.6530
1.0547
124.0230
9.7759
1170.9100
3.6507
2.6429
1.0602
124.4790
9.7520
1146.0100
3.6494
1.7494
2.6339
1.0598
9.7409
1145.9200
3.6501
1.7511
1.5406
1.0613
124.4990
9.7590
1146.0200
3.4893
1.7525
1.0582
124.6990
9.7159
1161.9200
3.4807
2.7220
1.0548
125.3940
9.7210
1151.0899
3.4897
1.7542
2.7789
1.5338
1.0592
125.7170
9.6940
1175.9900
3.5005
2.7180
1.5403
0.6796
124.9539
9.6750
1195.0100
3.4992
1.7853
2.7900
1.0572
0.6763
124.1700
9.6639
1194.9500
3.5003
1.7856
2.7970
1.0579
0.6775
1195.0300
3.4990
1.7825
2.7829
1.0576
124.2030
9.6660
3.5602
1.7911
2.6570
1.5471
0.6767
124.4180
1217.0400
3.5297
1.7665
2.7109
0.6704
124.3370
1220.9300
3.5203
1.7705
2.7130
0.6709
123.9460
9.7739
1291.0599
3.5996
1.7479
1.0364
123.4350
9.9179
1300.9200
3.6701
1.5275
1.0303
0.6686
121.4779
9.9420
1286.0100
3.6697
1.0290
121.3400
1286.0000
2.8350
1.5278
1.0324
121.4270
9.9700
1286.0200
3.7789
1.7536
2.7700
1.5178
1.0307
121.8710
9.8689
1285.9300
3.8706
1.0217
9.9280
1311.0599
3.8496
1.7866
1.0195
0.6546
119.9710
9.9770
1320.9800
3.8108
1.7738
2.8310
1.5169
0.6545
119.6780
9.9710
1352.0899
3.8199
1.7743
2.8199
1.0083
0.6512
119.4080
9.9489
1380.9900
3.8209
1.7755
2.8330
1.0098
0.6526
119.6050
9.9589
3.7541
1381.0999
3.8195
1.7721
0.6515
119.6059
1380.9700
3.8201
1.7802
2.9020
1.5172
1.0092
0.6533
119.6900
10.0050
1381.0200
3.6297
1.7735
2.8879
1.5267
1.0136
0.6505
119.8720
9.9920
1326.1800
3.5800
1.7864
2.8679
0.6552
119.8379
9.9879
1266.0300
3.5792
1.7986
1.5227
1.0207
0.6541
119.9740
9.9719
1295.9300
3.5808
2.9550
1.5228
1.0277
120.4790
1296.0200
1.7954
2.9480
1.5192
1.0274
0.6573
120.1119
9.8859
1295.9700
1.7938
2.9520
1.5310
1.0266
120.1290
1296.0500
3.5398
1.7707
1.0086
0.6471
118.3130
9.9429
1350.9600
3.5400
1.7640
2.8610
1.5123
1.0068
0.6462
118.1500
9.8740
1351.0899
3.5596
1.7684
2.8490
1.5125
1.0114
0.6459
117.6570
9.8510
1285.9800
1.7956
2.8029
1.5335
1.0120
0.6442
117.0410
1306.0699
1.7884
2.8769
1.5291
0.6435
116.8349
1287.0000
3.5802
2.8849
1.5397
1.0095
0.6440
116.9659
9.7289
1287.0200
3.5790
1.0084
0.6438
116.8490
9.7129
1286.9300
3.6006
1.7863
2.8580
1.5457
0.6377
116.4910
1301.0100
3.5499
1.7947
2.8710
1.5376
0.9882
115.8800
9.6929
1315.9300
3.5409
1.8152
2.8990
0.6368
116.3840
1316.0300
3.5594
1.8052
0.6347
116.5350
9.6899
1309.9800
2.9369
1.5494
0.9890
115.9800
9.7070
1252.0699
3.5598
2.9289
1.5386
0.9877
115.8060
9.7110
1251.9300
3.5606
1.7979
2.9380
1.5485
115.9200
9.7189
1252.0899
1.8259
2.9409
1.5625
116.1530
9.6359
1251.9400
3.6608
1.8589
2.9270
1.0124
0.6407
9.7010
1319.0500
3.6497
1.8363
1.5616
1.0047
0.6360
116.6590
1318.9900
3.6606
2.9980
1.5696
0.9962
116.4520
9.7449
1321.0100
3.6597
1.8672
2.9870
1.5827
1.0132
0.6389
118.7600
1320.9900
3.6602
2.9960
1.0152
0.6397
118.9460
9.7729
1321.0000
3.6593
2.9929
1.5862
1.0137
0.6390
118.7150
9.7569
1320.9600
3.6600
1.8503
3.2740
0.6400
119.7870
1331.0000
3.6993
1.8395
3.3530
1.0168
120.2039
1340.9900
1.8426
3.4880
1.5888
0.6394
120.0120
9.9060
1354.0799
3.1269
1.5851
1.0147
119.2800
9.8379
1349.9500
3.6103
1.8551
3.1899
1.5923
1.0140
0.6371
119.0440
9.8409
1350.0500
3.6095
1.8534
3.1840
1.5787
1.0129
0.6366
118.8800
9.8170
3.6101
1.8557
3.1940
1.5914
0.6374
118.9520
9.8270
1350.0200
3.6093
1.8948
3.0790
1.5875
119.6960
9.8160
1343.9600
3.6400
1.8872
3.1200
1.5885
1.0356
0.6509
120.9130
1348.0000
3.6496
1.8647
3.0160
1.5746
1.0257
0.6487
120.2069
9.7579
1353.0000
2.9440
1.0349
121.0669
9.7430
1356.0799
3.6396
3.0190
1.0306
1363.9500
3.0320
1.0315
0.6562
120.2270
1364.0200
1.8689
3.0249
1.0304
0.6559
120.0699
9.7599
1363.9100
3.6301
3.1650
1.0222
119.1020
9.9570
1371.0000
1.8605
3.1640
1.5553
1.0158
0.6498
118.4120
1345.9100
1.8602
3.2010
1.0216
0.6513
117.3950
1376.0899
1.8442
3.2040
1.5578
1.0178
117.3730
1366.9800
3.6406
3.1280
117.7369
9.8309
1377.0300
3.6395
1.8337
3.1110
1.5544
117.7099
1376.9100
3.6410
1.8331
1.5676
1.0166
0.6502
117.8050
9.8179
1377.0699
3.6393
1.8479
3.1000
1.5681
118.5999
9.7500
1376.9900
3.6210
3.1059
0.6549
118.9509
9.8320
1392.0899
3.5796
3.0800
1.0196
0.6524
118.4650
1407.9300
3.6002
1.8475
3.1419
1.0326
120.0360
9.8610
1403.0899
1.8404
1.0280
0.6570
119.5999
9.8529
1402.9100
3.2210
1.5646
1.0288
0.6584
119.7339
1403.0500
1.8352
3.2120
1.0276
0.6572
119.5340
9.8420
3.6402
1.8376
1.5579
1.0299
119.8270
9.8569
1391.0100
3.6194
3.1259
118.1780
9.9160
1409.9800
3.6204
1.5612
1.0220
118.8370
9.9399
1405.0200
3.6293
1.8112
3.0710
1.0155
0.6457
118.1570
9.9380
1417.9200
3.6307
1.8178
3.1549
1.0185
0.6453
118.3910
9.9659
1418.0400
3.6292
1.8173
3.1530
1.5585
1.0193
0.6460
118.7219
9.9529
1417.9100
3.6303
1.8192
3.1560
1.0189
0.6454
118.5450
9.9640
1418.0699
1.8144
3.0830
1.5569
118.1550
9.9320
1417.9700
3.6505
1.8275
3.1160
1.0039
117.1620
10.0660
1432.0300
1.8333
3.1099
1.0074
0.6391
118.0010
10.0070
1444.9400
3.6107
3.1579
118.4449
10.0429
1441.0200
3.6294
3.1539
1.0180
0.6409
118.4920
1461.9500
1.8274
3.1690
1.5605
1.0194
0.6421
118.6160
9.9979
1462.0100
3.6299
1.0181
0.6412
118.5480
9.9819
3.6208
1.8251
3.1050
1.5727
1.0215
0.6430
118.9120
9.9619
1461.0699
1.8229
3.1389
1.0248
0.6424
119.9170
9.9939
1499.9500
1.8253
0.6444
120.3780
10.0239
1493.0200
3.1219
0.6395
119.9640
9.9749
1452.9100
3.2109
0.6449
121.7650
1453.0300
1.8185
3.2029
1.5755
1.0342
121.7129
1.8186
3.2080
121.9410
1453.0500
3.6499
1.8248
1.0313
0.6491
122.2500
10.0030
1436.9100
3.2580
0.6488
122.0620
10.0210
1465.0500
1.8224
3.3500
1.0223
0.6445
121.3790
10.0440
1453.4500
3.6806
1.8208
3.4510
121.5490
10.2070
1470.0599
3.6797
1.8327
3.5310
1.0179
0.6425
123.2270
10.3020
1469.9400
3.6808
1.8334
3.5379
0.6439
123.3990
10.2700
1470.0500
3.6795
1.8317
3.5280
0.6431
123.3700
10.2609
1469.9100
3.6707
1.8401
3.5720
1.0228
123.9970
10.2890
1451.0500
1.8389
3.7770
1.0183
0.6411
123.3259
10.3059
1461.9800
3.7090
1.0245
122.9940
10.2650
1463.0400
3.6796
1.8380
122.1850
10.1419
1470.9600
3.8410
1.5829
1.0206
122.6250
10.1900
1471.0300
1.8393
3.8279
1.0264
0.6402
122.4910
10.1820
1470.9500
3.6804
3.8420
1.0201
122.6880
10.1940
3.7393
1.8419
1.0123
121.6160
10.1960
1469.9300
1.5857
122.6200
10.1270
1473.0899
1.8396
1.0134
0.6362
122.8730
1485.9100
1.8312
3.6980
1.5981
1.0135
0.6370
122.7050
10.2040
1498.5799
3.7709
1.0212
0.6380
123.1340
10.1780
1488.9600
1.8298
1.0218
123.4140
10.2020
1489.0300
1.8285
3.7669
1.0200
0.6383
123.1470
10.1910
1488.9300
1.8201
3.7690
1.6032
1.0175
124.3840
10.2230
1498.0999
3.7395
1.8304
3.7320
1.5949
1.0208
0.6429
124.3880
10.1690
1492.9400
1.8227
3.8050
1.5984
1.0112
123.2810
10.2579
1493.0300
3.7000
3.9529
1.5844
1479.4100
3.7006
4.0350
1.5915
1.0138
124.1140
10.1440
1479.5999
3.6999
1.8236
4.0300
123.9910
10.1220
1479.4600
1.8283
4.0389
124.2330
10.1329
1479.5200
3.6995
1.8293
3.8860
124.2320
10.1240
1479.4700
1.8309
124.7030
10.1519
1429.5000
3.6591
1.8211
3.9150
1.5752
124.4040
10.0690
1429.4600
1.8164
3.9100
125.1170
10.0130
1410.0400
3.6198
1.8177
3.8780
0.6464
125.5290
9.9990
1418.4100
3.8870
1.5812
1.0286
0.6479
125.6410
9.9949
1418.5400
1.8161
3.8799
1.0281
125.3409
9.9789
1418.9000
3.6200
1.8042
3.9169
1.5644
0.6489
125.0180
1426.5250
1.8076
3.9110
1.5689
1.0224
125.1200
9.9800
1412.9265
3.6105
1.8092
1.0246
0.6465
124.6490
9.9440
1433.5794
3.6091
3.8149
1.0229
124.4240
1431.9298
1.8003
3.8889
1.0249
124.3910
10.0190
1432.0006
3.6092
3.8879
0.6441
124.2570
9.8109
1431.9536
1.7997
0.6470
124.2159
1432.0619
3.5992
1.7887
3.7749
1.5588
1.0156
0.6403
123.5630
10.0840
1385.9396
3.8300
1.0176
123.0090
10.2240
1380.0010
1.8072
3.7140
1.0157
122.8540
10.1990
1399.9270
3.5301
1.8037
3.6429
1.5581
122.6390
10.2120
1429.0382
3.5299
1.7886
3.7050
1.5584
1.0035
122.1410
10.2080
1428.9537
3.5308
3.7060
1.5590
1.0042
122.2980
10.2010
1429.0072
3.5295
1.7873
3.7040
1.0027
0.6384
122.0520
1428.9861
3.5705
1.7816
3.5510
122.3420
10.2170
1427.0468
3.5390
3.5600
121.7830
1393.4060
3.5407
3.6619
1.5549
0.6398
121.8890
10.2200
1374.5139
3.5493
3.5880
0.9908
0.6322
121.1190
10.2840
1392.9056
3.5503
1.7716
3.6320
0.6290
119.9190
10.3409
1393.0354
3.5497
1.7732
3.6309
1.5645
0.9839
119.7900
10.3310
1392.9676
3.5506
0.6292
119.9000
10.3350
1393.0040
3.5491
1.7813
3.5240
0.9892
0.6298
119.5050
10.3470
1361.9368
3.6250
1.5784
0.9886
0.6297
119.7290
10.3240
1354.0725
3.5291
1.7870
3.7120
0.6307
120.1620
10.2720
1353.9473
3.5501
1.7763
3.6949
120.5860
10.2550
1362.0302
