616.0984
38.8276
985.5530
867.2389
12.5838
732.8100
429.9821
151.9921
183.1626
1081.8017
22.0367
183.6126
244.0042
183.6257
111.8629
78.7315
170.8987
426.0206
233.4691
294.3981
39.3135
341.7623
413.4584
116.1876
1283.4840
167.8941
82.2503
103.8990
37.7513
382.1512
1022.3419
38.8133
26.2438
1155.1244
615.4864
618.2268
1183.5823
89.4568
84.9998
17.4775
84.3748
991.9371
607.4982
257.3959
28.3324
27.1654
548.0984
615.6177
307.1680
203.5930
60.7498
790.6477
52.4876
330.8508
61.0586
215.3287
411.5835
117.2639
330.4013
701.3777
933.7095
51.5518
1157.4678
396.3309
122.2584
984.1535
64.4089
1479.5647
129.2572
281.2341
347.1831
1241.7890
3709.8448
214.6711
617.8489
122.3996
652.4643
465.1393
1164.2885
550.9430
3504.7980
1.8525
520.3107
433.8953
62.3120
2260.7209
976.9734
495.9901
974.5952
975.4652
130.0383
1535.2910
1533.9315
358.7047
1038.6494
680.3344
1591.1833
0.5047
341.7442
297.1699
988.1677
439.9300
76.9754
769.1014
583.5615
592.7045
393.4230
1100.7180
244.5168
121.4996
1184.0018
640.8808
25.3080
793.3608
182.7730
844.4313
771.1216
0.3088
1128.6131
61.1998
40.6707
243.8993
619.1468
2221.4493
150.8264
62.9188
198.3715
134.0975
123.0923
319.3414
1273.3166
181.0019
491.0250
374.8993
2463.9566
294.1458
105.1660
114.3159
183.0082
486.0668
65.0714
415.4797
500.2145
349.3315
973.3471
1216.8909
1006.5955
2010.7932
610.5070
387.9815
102.8227
1471.8448
811.5626
1947.7063
121.9496
463.8954
78.0766
427.8206
2740.7624
555.3484
1672.7469
1064.5182
614.5382
771.5542
1.5622
1212.5851
1321.0332
2634.3701
1737.6104
166.1553
488.7117
1319.8096
122.4128
115.4065
139.0552
102.9632
719.3866
1864.5878
284.0674
971.5333
306.7647
830.2234
948.7054
233.8728
885.1876
0.1544
1127.4613
567.1440
558.7648
232.3466
370.4107
828.4251
5.6714
221.2794
782.4676
1267.1071
77.7814
113.5348
1019.2434
633.1235
1027.7707
790.9417
90.5199
245.4299
18.2552
1258.7314
985.5947
308.5200
101.5917
2026.8896
193.9547
856.0917
894.0681
36.1719
463.8314
365.1033
141.0457
591.1508
537.4912
90.8008
599.4978
1051.2511
1070.1375
1182.9278
125.8377
1309.7077
304.7896
50.3351
1307.7220
1279.9444
164.6510
747.7050
3836.6390
1733.6850
784.3746
785.5371
2232.9424
1241.3988
495.9371
183.7670
3265.9701
3154.1748
686.7025
584.3838
2608.2679
708.7851
22.2800
1738.2652
44.7144
1160.9752
1524.7491
487.6650
11.3429
630.0241
295.5892
2079.6630
1470.4511
862.3032
1230.9845
2943.1349
182.2495
904.3649
916.9965
844.6049
25.1675
523.6873
28.8802
1265.4783
578.9352
1432.5828
1038.5238
64.7762
1149.5063
1408.1429
69.5276
922.3921
1756.5729
199.2190
1203.2656
1270.6820
891.2455
787.9381
428.5886
311.6827
1375.3651
2680.9590
14.3020
388.6071
70.3361
325.5419
853.5203
421.8287
1130.1744
768.9812
183.9437
156.8364
2468.5995
2788.8025
103.4817
63.9951
174.4586
123.0171
918.0443
648.5814
311.4018
2090.3192
2022.8424
624.9420
372.7090
65.9930
1421.7888
2991.7457
1288.7866
977.1146
770.2297
12.7242
878.3025
887.2871
3.9055
72.2152
1388.4426
2611.8082
23.5881
435.4902
1042.0586
3157.5268
410.2146
1803.3985
1002.8200
1226.3352
513.8229
1447.2514
143.9793
816.6676
833.1842
1219.3683
977.1362
152.0002
427.8075
1193.4656
41.9502
130.7274
90.2389
852.2975
579.3356
397.6308
592.0160
1159.5316
666.9463
164.6653
938.3063
718.1810
2197.5680
474.9291
333.6357
1590.5777
720.7514
93.3864
736.5640
844.3880
179.4016
720.9079
366.7883
244.8208
569.8907
737.0948
862.9197
113.2539
1219.0464
2009.6298
215.0003
182.6995
886.0030
875.9315
30.8390
382.9784
51.4114
244.6580
851.6547
900.4584
447.8765
892.3441
1196.8111
1006.5460
1636.4320
0.7811
1031.6872
488.8661
729.4228
193.0617
474.7639
612.6101
2694.2622
798.3270
666.5249
611.8035
609.7482
685.7850
183.8321
856.1459
2587.2715
359.0825
426.5987
548.8571
70.4198
503.9587
452.1859
1538.8098
1836.1339
901.8440
427.0487
305.7166
1835.1484
409.1383
1159.8044
77.6552
681.9238
365.2577
1896.5960
1856.5276
1.8709
604.3595
836.3228
126.9979
1533.4183
420.4615
821.6944
531.1305
1714.2883
833.0592
76.5789
1041.7986
1891.0619
632.1342
1742.8570
574.8064
282.6380
365.3989
948.4960
579.2540
863.4882
44.0734
1083.1840
218.2292
1633.6182
2919.6442
127.9902
199.5452
1130.2833
337.0879
643.1903
655.4067
854.0975
1282.5356
1.7904
1692.1495
22.6857
101.7464
268.9780
366.1577
1222.8402
229.7367
1522.5851
1648.7312
335.0281
2077.0619
764.6477
1974.3498
687.3356
976.6480
183.1495
1708.6718
764.1911
130.2774
1884.5630
1036.2659
457.1410
972.8971
2376.4385
321.0519
244.6712
845.4009
881.8721
246.2516
1762.1851
116.4828
541.2628
938.1834
1386.3219
1223.4051
781.5744
113.1645
1222.6880
2074.9043
306.6429
94.4952
87.0946
949.8270
800.1296
338.1532
1053.0878
1772.7824
878.7603
884.8005
826.9521
296.0248
1606.4059
678.9063
296.3417
1223.6205
739.0507
87.9970
108.6576
724.1358
948.2761
103.6038
205.6312
967.4449
1004.4586
966.5140
428.2837
79.2174
838.4484
788.1857
90.3652
244.8255
65.1900
930.2599
141.1861
899.4394
367.0839
915.3371
30.6738
652.5483
732.6241
104.0252
785.5880
572.7895
888.1271
1469.8774
1394.9706
1019.7203
1673.6627
69.9151
995.9120
736.8320
1588.3554
256.2614
926.3221
2841.6454
1873.7830
905.7146
884.0108
1367.0329
425.6987
1176.6058
664.0428
364.9489
3015.2008
3061.2349
699.8494
246.6687
23.3740
624.7220
1961.6947
550.2359
1873.1478
1134.5498
47.2476
182.5582
427.3798
1395.1465
370.6419
1523.7965
725.5582
674.5749
2205.2912
2844.2921
665.5717
781.6318
2241.5709
286.0236
100.1768
1543.9276
435.0205
1429.8912
844.0609
308.0174
1972.8205
1691.4149
89.5832
1373.5613
5.5062
159.8914
129.1927
1462.0983
875.8541
721.5852
721.0186
169.7372
399.1010
1504.4162
2498.9570
11.0044
29.1025
571.3545
90.2104
116.6232
770.5837
887.2326
885.8899
772.1155
1021.4068
637.3520
34.9391
1365.9875
129.5504
117.2496
276.9967
278.0889
690.4039
1770.8317
257.1972
1804.1506
563.8879
440.0428
165.8820
748.1513
1012.7270
1719.3688
237.6637
182.6019
728.9493
719.8423
118.5308
1441.3002
27.0249
1793.6277
49.9352
700.3920
294.9045
202.5055
2515.6731
891.4614
723.3650
1399.2905
528.7368
1446.0936
76.5646
79.5598
1115.1823
179.1123
3672.4981
1422.6867
73.0068
1101.7946
2361.5037
49.9064
89.2358
2180.3522
242.7786
4684.5786
141.1812
2.3433
1.9497
1514.3411
185.8316
1271.2208
69.7031
1135.3478
1351.8393
1113.4421
391.8261
19.4398
3008.7630
1067.8571
219.7486
0.7491
1992.9057
27.2683
73.2005
5.5540
6.4521
1863.3609
205.4438
1003.5023
14.0938
2959.8531
3391.3431
39.2681
3062.1743
32.5601
2441.8465
1720.2581
313.5883
128.2538
364.9898
1311.0263
75.8436
220.4897
1360.8465
0.9084
2800.3939
145.8497
20.6994
3679.4060
46.8717
2154.8075
276.4137
490.0648
2681.6180
451.1622
1814.8664
2236.4195
43.2292
1901.8402
1982.7119
842.3480
10.0040
178.8838
25.0109
54.5391
19.5748
51.2275
51.7855
61.0838
502.0165
1460.5144
110.6527
1452.1351
20.6295
209.8280
1.0414
1614.6138
1570.2991
217.1426
129.1660
277.3821
2341.9507
11.7002
6.0535
1176.0874
1480.9256
145.1302
165.0750
841.4967
5.0946
1976.5144
44.7790
288.2741
134.6703
2271.6453
73.7675
2734.0234
310.9393
74.5711
2624.4599
263.1125
1231.6101
1457.6267
491.5540
1192.1951
1536.6178
456.7645
1156.0497
187.0197
1212.2752
4.5951
230.4090
128.0469
9.8657
172.1245
1521.5399
4558.6067
2.0227
461.2613
156.8759
93.8643
217.8625
2693.5079
2452.6433
72.2257
28.5024
291.6701
1758.9349
1464.0213
1660.8218
262.0353
1928.6933
1766.1872
37.2856
177.2358
2132.9847
34.4764
543.6424
1596.3477
39.3843
1155.1545
127.7308
1744.5008
1494.0525
521.4463
1248.5287
644.3981
10.5139
584.2286
237.3501
3277.4859
29.8687
26.8154
42.1899
1384.6205
522.2336
1235.3289
3192.5735
1198.0685
1.4623
76.4231
993.0940
165.8184
2833.8119
2068.7395
79.6593
75.1884
1560.8898
989.6082
669.8620
2569.5242
1419.4921
5.2114
2165.5646
121.6831
302.8124
1400.0614
207.0399
0.6327
1786.5486
812.1916
1291.3584
1468.6951
1625.8562
485.3699
66.8381
49.8238
449.0789
615.8846
24.0978
1685.9535
1733.4178
551.1315
48.1505
172.7547
333.9212
1050.6979
1168.7908
1551.1615
3923.9527
19.1884
239.8710
74.9565
1507.9966
23.7836
7.0197
493.1515
6.6056
2712.0392
2900.0374
798.8360
201.6306
4280.5117
26.6524
349.2153
51.6361
865.2714
25.2063
2201.1989
1180.8572
1321.0970
18.5833
134.6369
1319.7216
97.0500
110.5199
1210.9518
6.2386
134.3364
24.0752
2245.5471
984.8393
4493.8531
591.8910
235.6388
1810.0401
800.3085
3111.4790
290.7199
1647.2368
146.8906
145.2004
75.5459
37.7902
1856.9691
458.8459
1127.2482
1182.4940
83.3498
3134.3394
1492.1483
2.4694
389.7088
15.1517
276.0453
1884.8413
128.7469
379.3865
116.3604
1037.1668
81.6406
38.2533
8.4787
215.1694
1117.5385
1432.8786
518.0154
1707.7395
1777.8033
256.0817
3462.7876
7.4269
226.1940
271.6572
33.5005
1706.8034
64.1009
321.6623
1980.9891
3101.8863
182.4847
69.9690
821.9625
3397.4585
1454.4862
148.8367
1676.4447
192.8798
2990.9458
150.0302
1039.3859
2240.4978
1245.8236
1.0093
2263.2063
61.2401
1323.1611
280.1154
2332.2506
1.9133
928.4947
231.7485
1436.0103
886.6576
1248.5223
205.3262
10.3343
872.1957
862.8907
7.9055
2481.1730
49.4221
1536.7456
1417.2274
24.4966
88.4919
107.4567
992.0905
2188.8880
3.0867
1831.7258
11.7253
2189.1135
185.3021
1053.7322
191.7493
225.6240
184.2218
20.0079
559.4725
899.3316
7.3115
2012.9182
159.5537
1.3827
3014.2434
2.0825
114.8432
112.0917
1464.3263
42.2815
2597.1248
296.1203
1295.8281
1581.6378
1453.3358
1312.3806
855.1836
793.5269
345.2486
1165.2332
150.6218
78.6287
1491.2566
147.3620
1162.0969
8.2084
261.4593
2174.3793
169.1258
89.7362
1413.2916
19.1558
1481.2122
1203.7064
248.1469
698.6407
106.3165
680.0407
80.5582
2.0828
175.0731
2650.4320
47.3894
2862.9144
224.0811
3010.3328
1061.1679
1304.3838
272.6763
1421.4005
434.1087
1211.0074
123.7465
341.3709
1030.7102
1088.4356
137.9661
6.5609
1324.7151
2647.0862
436.9084
17.7347
237.8998
1988.5680
225.5011
1535.0416
61.6182
89.1188
1326.3385
1088.9858
1341.9553
186.4278
227.6586
1073.4214
123.4100
945.1227
40.5878
1396.3505
8.5167
980.7946
95.4373
1094.8676
75.5167
1432.7118
469.4111
1568.2141
1041.2207
630.5836
244.8757
52.8016
46.2636
309.5828
64.4724
2927.5762
6.6136
35.4692
8.8264
0.3827
2857.6788
1230.3987
1015.7304
1285.8600
746.2641
1147.5454
84.5629
60.5402
1798.1000
2603.3630
1319.6254
28.1876
426.5091
1091.6516
2.7421
2372.4493
1177.6782
0.9748
77.4581
1998.4848
1036.3958
117.0109
309.2942
566.8224
1934.8701
1183.3113
1306.3011
1495.8342
43.9803
36.8838
205.9767
117.2514
34.4262
1439.6482
335.0113
1829.0144
225.4925
7.2540
6.1061
19.6041
279.7258
22.6978
1061.7155
1089.6049
2397.4244
1318.8131
237.6573
1124.9923
1.2186
379.5186
18.0079
2723.8241
2629.9899
89.3492
14.5985
745.7443
2383.3860
35.0222
396.5347
141.5179
7.7339
1070.5299
936.3364
149.1422
4.3359
964.6354
98.9377
74.1848
1452.7491
51.9313
105.2781
906.0678
32.1017
105.5304
1290.6583
1005.3813
30.3138
3042.4836
378.4995
114.8596
1490.8947
801.7639
2101.0298
260.9989
24.3871
123.2731
1330.8072
134.2000
1627.6084
1060.5739
1090.9611
68.8524
47.1622
1.9048
826.3188
7.3712
1.8520
2422.1800
332.4877
336.5645
8.4911
1528.0128
101.4184
301.8315
59.1400
75.2759
134.9908
1090.4418
121.1220
2.9051
1145.9623
236.9776
901.2675
1279.9635
52.0159
1001.3258
89.7354
89.4698
2050.3605
211.4073
1542.9970
124.2731
4.9387
2203.3164
128.5343
112.5033
1508.5894
2946.6894
977.7138
953.5301
919.3317
111.2686
77.4716
1077.6739
12.4411
25.6788
686.1171
2402.1324
40.8757
98.6567
616.9217
2425.9392
1111.9256
1.2347
19.3562
575.6229
266.7871
2161.4653
261.8904
45.5265
1638.3599
1261.0757
910.5137
731.2178
747.8581
1915.8027
1205.4155
38.1184
649.4552
879.7349
137.4055
1255.4042
44.2279
1102.2367
800.9992
964.6614
715.9737
1074.2637
915.8686
126.8444
114.9727
1185.7304
702.1389
112.7506
1640.2118
78.4907
1410.9705
12.3177
5.3619
683.8533
2576.2569
295.9702
56.8799
837.0732
154.3258
522.6580
5.5560
54.8759
12.2809
140.9382
3.7040
7.7539
2651.6921
1462.9155
39.3531
0.6173
70.4691
1146.5704
7.9144
41.8225
1147.4377
771.3200
4.3214
244.7472
1281.5555
671.9880
338.2517
178.7878
711.3334
12.9041
318.4445
78.7062
604.3813
2370.9063
741.5014
9.9330
19.9576
741.9232
700.9941
1277.6880
41.2051
1212.7642
1309.8927
598.9907
672.1462
1336.4555
2013.5388
190.5922
149.7889
2356.9748
518.7406
764.1984
18.7157
526.4452
1338.1375
761.0376
454.4825
2.3075
197.3135
4.3665
151.2391
753.8241
989.7109
604.4003
1245.1476
740.7219
1621.7120
239.5949
380.5331
1322.3477
1170.5478
733.5045
324.1579
2224.8989
56.3753
1295.8137
42.3599
933.3102
310.0640
2102.3239
1010.1381
687.8942
625.3661
798.1080
2463.1104
707.0903
56.3236
1880.8818
697.7840
75.6195
17.0185
122.2055
2000.7437
527.4941
328.1679
1527.3378
1507.8872
231.1507
224.3893
183.2197
1690.4236
1302.0013
1063.1517
122.5944
196.2038
408.7208
2.9247
981.9239
185.6535
18.0795
66.1965
75.7862
1030.0353
1228.9637
258.8037
1147.3242
1093.9949
20.1999
15.9050
75.7634
446.4412
409.9803
74.1693
533.7686
55.3232
2421.8037
1368.6134
1105.9832
150.0044
186.2974
615.1845
2588.7032
950.1844
347.4815
1322.5852
976.2881
572.6394
725.7635
1311.7628
1717.9159
980.5324
16.1763
1422.1125
1246.4042
103.4368
590.7258
24.7599
808.2366
41.3506
2693.1479
1411.7944
578.5738
772.3812
897.0718
39.5931
934.7835
2.4717
1004.9279
48.8403
675.0377
116.8247
1048.0427
23.1920
12.7524
49.2721
1208.6558
794.6465
12.2122
697.4989
113.5224
522.7936
1110.0802
12.5055
12.4756
2353.3460
964.8549
126.8984
1012.1116
2222.6419
1177.3412
2661.7813
50.5474
13.7511
1439.4279
1089.7493
1189.7379
128.2143
5.7837
1367.4260
2691.9297
180.1537
237.2500
64.0109
1307.6421
2419.8449
2276.5145
7.6942
7.8772
1793.9846
1484.6653
159.9061
1116.5920
201.4784
119.9114
20.5126
1080.9171
2620.3121
86.6454
1143.4863
39.9074
133.9340
1376.2418
1279.9094
3.5849
44.6489
1156.4959
1726.9823
157.7321
37.8931
15.6754
16.6619
349.4271
1098.6935
136.7736
2353.3136
9.2012
2.4372
2970.3185
126.2545
87.9606
104.4527
2898.7185
214.7834
1293.8567
1283.1797
28.9687
955.2514
1211.4902
908.5440
22.3757
1219.6911
155.3205
189.1420
897.6630
18.2241
96.5441
111.0531
718.3267
167.9445
76.2369
1210.1319
2929.2930
156.6399
1800.2484
2844.0769
902.3242
1110.0024
293.1963
198.8695
816.5424
1525.5763
43.7900
978.7673
1023.3795
12.1537
372.6867
1354.1026
2821.1893
46.6495
119.2173
2041.0973
1688.3408
854.5569
75.0022
242.2847
1377.8662
790.9677
115.5900
14.6747
1162.1125
802.6817
904.2017
50.8045
4.1594
1088.6397
604.2578
1294.5898
941.8538
787.0505
26.7760
432.0751
88.3146
2863.4674
118.8865
1.1250
4.6239
1409.2768
229.6660
162.8335
910.8122
117.8044
1374.5804
165.7306
15.6560
50.4779
2355.4605
1345.7401
22.9484
67.3608
153.2316
343.9068
76.2073
12.2735
1006.6913
134.3729
1016.8648
152.4778
1340.0397
8.7329
3159.7211
1124.7543
1243.9971
692.2050
897.5346
757.4192
3101.9997
1254.2208
25.2559
18.2587
1277.2951
349.7786
2790.2033
964.1294
99.4972
78.0889
2108.3475
771.9834
2051.8160
1592.2762
1372.2926
570.2585
199.7693
28.5626
24.0722
1328.3924
2149.5347
38.7358
884.9546
1022.4078
2651.6149
1272.2156
6.6178
342.2331
1784.9661
110.9720
15.5562
693.1868
2374.2894
1241.8823
9.5764
1150.5578
1044.7616
57.2181
511.0976
11.9100
56.8722
1138.5593
1163.7759
3175.3213
233.2183
197.6750
44.2918
1118.3358
1755.2943
1387.3928
111.4549
963.3459
2861.2930
1416.8511
234.5738
797.5842
865.8301
4.9209
22.9609
1054.8817
1743.4861
371.6439
322.9135
296.7133
111.7525
158.3540
23.6793
13.7466
1333.4130
22.3551
86.8841
947.7557
81.5496
42.1928
13.1307
820.1255
418.1187
1496.3776
46.7275
669.6693
133.3689
2890.8174
1382.2840
1354.0805
88.7278
68.8452
61.7813
176.2533
73.2338
1308.1954
73.0474
267.8482
17.6981
937.6925
59.9077
1018.1727
228.3665
1085.7452
1178.4501
777.2852
83.1146
44.0476
38.8796
1580.6442
247.9248
20.4993
1127.7532
134.6400
37.5011
1101.6510
25.2433
294.4917
761.0705
169.7988
9.7198
102.9918
1112.1153
2237.3610
2324.2569
152.9257
1491.5304
4.6211
203.0646
24.6007
2482.3837
82.6196
40.3376
176.2822
1059.9419
1048.7200
914.5742
90.4871
866.7798
2151.7905
1733.4368
5.7698
732.8564
2285.3480
201.2970
1060.5915
900.4890
381.7988
20.1688
83.5196
155.7456
346.9732
0.8240
74.8295
1711.1356
2391.2065
1834.2023
2829.6005
2375.4104
31.1123
3749.2023
2147.4353
39.7867
153.0633
1238.5548
5608.9121
3053.9578
30.6178
187.2983
151.8621
19.4396
1397.8339
1188.7736
246.9981
1748.1046
121.3342
67.6539
1795.9687
206.8273
440.0559
1704.4942
1712.9855
1395.7427
202.5626
911.1768
1959.3443
300.3417
2760.9790
1628.0134
1015.3341
113.1478
1523.4456
75.4738
14.4549
2994.5115
192.4510
20.5029
202.1466
2.2250
31.9789
708.5520
2226.5833
113.8920
102.8770
73.7879
51.0091
11.3580
0.5844
61.3085
31.2460
58.3743
65.9735
63.5578
62.8733
43.7745
59.8743
19.4083
59.6018
14.0370
13.4998
62.5708
43.2493
58.6240
58.2495
57.9243
58.7990
20.1118
15.9738
57.9740
14.0740
28.8870
60.4765
31.7210
61.4333
59.2490
61.9585
16.1613
18.7835
30.9613
13.8493
58.2498
59.1485
59.0568
32.7078
13.7245
29.5868
30.9455
58.8748
44.0993
61.8988
61.9985
59.9738
58.2988
57.4320
19.4335
42.5248
57.3748
59.3745
14.3745
14.0943
30.4745
14.1368
14.1940
60.7013
60.8260
57.7493
62.7830
14.8068
61.2825
62.1973
29.4993
28.0123
61.0508
59.9513
59.0990
20.9865
60.5115
59.3988
59.7858
62.0558
58.4743
45.2615
62.4585
59.5118
20.6833
43.8745
57.8065
29.2620
20.1690
62.1833
58.6065
58.0570
57.6245
57.9998
15.7243
30.5960
20.3618
14.3495
14.1303
14.7490
61.5388
29.9743
28.3618
14.4615
60.3265
58.8745
15.4368
20.2580
59.8265
28.7368
29.3620
59.3368
20.4870
44.7238
59.1240
60.1488
28.7940
60.0993
59.0238
31.4455
15.3868
31.2780
63.0078
58.5730
43.3065
13.8743
19.2373
59.7493
61.6755
28.6370
14.7495
61.9995
59.7113
58.6305
59.8990
15.3740
29.4868
14.1120
62.3080
22.5745
57.9815
58.9995
19.8085
14.7240
58.5058
61.5493
17.0493
58.8488
61.9560
63.1485
22.9490
15.1990
61.9240
60.5085
14.9868
59.1245
62.5110
58.7495
59.4240
59.3238
58.5493
30.3713
60.1760
44.5990
59.9240
59.1615
60.3748
15.0115
31.6210
43.9993
43.2068
43.1495
44.6493
44.2240
58.9813
31.0960
43.6243
14.6743
63.5860
44.1240
65.4655
58.1803
59.5488
60.4983
61.1763
15.2985
20.9870
43.3995
19.6070
19.4360
59.9488
44.3993
15.5993
61.4905
62.5243
18.5588
60.0085
61.5073
61.6580
59.7240
29.1118
63.0208
21.5993
58.5990
59.3558
32.7118
29.6115
60.1368
14.3065
30.7208
16.0988
59.7988
58.4318
59.3618
58.3745
59.5733
59.2990
18.9083
19.9085
13.9065
14.9488
15.2990
62.2545
14.7315
44.4868
60.7243
16.0868
59.9993
59.2555
61.0635
15.0873
60.9998
64.8988
59.1735
94.1433
975.6942
1028.4806
61.1581
59.7607
170.2150
779.6932
142.5545
90.5285
44.8163
1536.6529
833.9461
153.2194
231.7309
24.1108
114.2371
4.6524
630.4245
3077.9738
903.4443
2366.5983
1128.8898
1755.0365
432.4462
134.8611
234.2744
1563.1986
2957.7773
1156.3723
103.9581
288.2999
38.8793
1583.3553
26.4828
88.3542
989.5467
137.6574
66.4254
1027.2788
2591.3685
2787.7559
69.3839
197.5950
6.1683
3362.0068
99.5651
89.4834
99.3627
83.1938
9.7699
2206.8124
164.2335
57.6003
1618.7122
84.8417
211.0992
1758.4676
1730.4391
136.6836
13.8508
1249.8306
0.9738
22.4289
40.1396
1482.6110
3309.8017
1417.5350
1199.0840
43.3992
242.3856
23.0675
1694.1659
518.3359
1025.0721
1322.2216
1069.8230
1423.9076
1154.7393
531.3127
218.2523
86.2123
1.9703
315.5092
198.7978
0.0344
3258.5158
227.1823
67.1095
511.5113
0.7959
2029.9898
462.7463
891.7284
947.7205
40.8060
225.1791
0.6048
34.3306
21.3404
79.0428
101.5733
52.9655
26.1822
468.4190
113.1434
58.9170
1316.4717
1365.6943
147.6326
26.1477
2056.7565
692.9717
159.6451
54.9847
1195.7850
211.8948
127.3245
130.2011
3947.8918
3480.6614
1615.9473
1689.4971
2447.0943
785.9870
1977.6951
320.0728
3390.5219
617.0288
1317.7996
919.0864
100.4464
481.1086
1125.9777
2226.3592
1189.4342
1282.0242
22.7159
0.9701
1345.8380
285.9991
147.7100
1384.5351
29.1595
297.1888
181.6668
329.3115
2139.0456
125.7180
124.9079
1068.1593
2174.6984
1022.4251
3242.4072
4228.0150
60.4395
2143.3459
351.9621
123.9295
111.8398
15.5786
29.3055
169.7404
12.4771
9.7885
217.5868
1390.2063
0.2248
0.5743
1.0570
4.1570
0.8748
1.4618
0.0573
1.9620
2.5620
1.8870
0.8723
0.7498
2.4018
0.9318
0.5733
1.7243
2.2493
2.1488
1.8745
3.6118
4.6570
1.7895
0.9745
0.7248
0.7370
0.6370
1.3745
0.9323
0.8750
2.2988
15.2240
0.1988
0.3495
1.5993
2.1613
0.3745
1.3498
0.7818
0.8358
0.8495
2.2365
0.8150
1.0733
1.2493
0.5993
1.6245
2.2368
1.7123
1.9745
3.1248
1.6118
0.1820
1.6243
1.4240
0.9995
1.5118
0.5945
62.8080
60.0233
60.3363
3.0000
0.6820
4.9243
2.1238
0.6123
1.4745
1.6993
63.3333
0.1248
0.5373
0.9720
0.2498
3.9868
2.9995
1.7498
2.1230
2.0240
1.4243
0.8068
1.9238
3.9998
14.1245
14.9240
62.4068
19.9870
59.1740
0.9240
1.7988
23.2123
19.8365
1.0398
0.7495
0.6248
1.9740
2.3620
3.0995
1.7993
0.9998
0.0998
15.4745
60.4620
61.6483
30.1368
1.8240
1.2498
2.2895
0.9148
1.7493
0.8070
4.5245
1.4978
0.5495
14.0493
0.1570
1.5745
1.2370
1.2990
1.2243
2.8615
0.3808
1.5493
58.9980
28.6943
32.2943
60.9480
0.8808
0.9068
0.9868
0.3235
0.7743
2.0993
14.1818
58.9483
43.7490
14.0990
60.3743
3.0990
2.4493
1.8490
1.4995
3.1820
3.2243
2.3985
1.9243
1.6743
14.4993
15.7490
62.0640
15.4238
1.3488
0.9813
2.2243
16.2493
1.5868
2.6985
4.8818
1.1990
0.9618
59.1488
59.2493
0.2560
0.8745
3.7733
0.6068
2.9990
5.6623
61.1365
4.0323
0.2985
1.8620
4.8473
1.1228
62.3005
58.4993
3.9750
62.0455
0.9805
3.7738
1.6493
15.6610
59.6488
58.9990
59.9743
1.4870
2.7615
1.3748
1.6983
3.3243
2.5870
1.5363
1.1993
3.8863
58.3070
58.9320
20.0458
30.7780
20.0443
20.1613
1.9993
4.9073
31.3618
29.2365
61.3488
1.1488
2.2738
0.3245
0.7620
2.0365
21.5360
18.9823
29.7115
59.9618
4.7233
14.1248
0.9493
3.1113
0.6743
1.1305
3.7495
1.1985
2.6740
19.6583
22.3368
30.9195
62.5490
0.6943
3.3373
4.5695
44.0118
62.3385
62.7008
43.9738
59.1243
3.9068
1.1395
1.5490
2.5115
1.3495
4.0748
58.8053
58.5365
19.7830
14.5993
2.4740
0.3558
2.0648
3.7118
3.5495
18.0693
63.4855
32.0955
42.7495
2.1245
3.8150
3.0120
20.0115
1.2245
0.7120
3.6515
1.8493
2.8990
1.8993
2.6743
20.1120
1.9240
2.8493
0.9483
2.3240
28.5865
0.4318
2.2990
1.6740
3.0998
3.0118
59.5360
1.0055
2.3373
2.6363
0.7245
1.8615
44.2490
19.2835
19.4655
15.4618
61.7263
28.2370
1.4245
1.8868
3.0988
1.5270
3.1570
21.2955
60.6760
16.9233
58.7740
1.5743
2.3365
2.6738
1.9865
0.7483
16.4738
2.2245
15.5233
62.7735
3.8745
3.0870
1.0865
1.1618
21.9740
3.8733
1.9490
1.1245
3.7483
3.9190
2.9740
3.3490
60.9243
61.3260
2.5868
4.1998
1.4273
44.3868
3.5613
3.3738
1.7365
14.6485
22.5615
31.8458
14.2618
60.2073
14.3615
15.2490
60.9515
62.1235
63.5330
1.4495
2.1240
1.7740
22.8490
20.7833
59.4993
1.4818
2.3615
21.2118
44.7493
21.0210
55.0926
1737.6063
1205.0347
952.2405
806.1928
1438.6907
3129.2614
953.0129
3277.8966
7.0479
84.9270
1934.9844
2550.5362
36.2026
167.2164
870.7971
652.6067
1969.0359
1162.0269
2795.6584
52.4072
904.6547
1188.4582
431.0959
833.3100
1210.8142
6.7916
1322.6288
7.4189
43.2892
1900.8578
845.1512
1937.8355
149.1727
2.0353
68.6612
107.3431
568.7778
712.7616
3.3851
122.9730
135.2518
2770.6398
58.9671
841.7200
1403.5249
34.8710
1025.7637
126.3182
61.8160
1215.4811
3225.9674
154.8622
1165.0644
105.0254
1340.1365
16.7168
1012.2137
1731.3316
1873.8986
16.1030
4.8849
2676.1263
1655.9295
41.1364
45.4318
85.1195
1786.8842
784.4769
1054.8997
2222.5462
117.6150
0.5017
2314.5852
1169.9275
65.6019
844.8265
367.2600
3534.0221
1297.3954
55.5926
622.2983
597.5074
260.7582
982.6610
175.7384
1.4482
46.5133
105.0137
1023.4170
133.2377
1010.6390
321.2061
932.4306
220.4204
11.4328
102.8095
29.9303
122.2178
12.3365
37.6804
1758.3303
1470.4042
2442.5207
2453.7326
0.0687
994.8671
1919.1379
962.5649
78.6159
840.7926
1909.7761
1662.0348
78.9570
3556.8519
33.3329
65.5294
1327.3688
1454.2177
303.5471
38.3840
1094.7931
127.9875
321.4858
1554.3479
112.0339
76.8940
77.6712
65.8615
1.6940
33.0847
2047.0431
156.1304
30.8491
33.1564
201.0113
1.4983
61.2700
115.7720
50.2133
112.8927
16.0486
21.1293
263.4501
50.8812
2261.7498
1395.6796
461.5863
52.2753
79.7184
24.7406
52.3042
50.1596
1286.6637
1849.6486
823.2111
2085.9044
125.4162
30.9041
37.2105
3233.9821
231.2840
35.1833
67.6948
2.4883
3.3238
2.8368
42.8743
58.1230
60.7235
0.4743
1.6488
3.6743
2.1370
2.2115
0.8618
2.5873
15.1240
58.1490
20.5208
4.6995
1.9868
0.5483
1.0483
63.3483
19.4870
4.3488
3.4490
4.8495
1.7985
3.2985
28.8930
58.9240
1.2865
60.7493
14.9315
59.8863
16.5860
3.2615
1.1135
3.3745
63.9205
64.2825
58.9865
2.2993
2.1738
4.9470
3.3245
60.1115
32.0705
18.7575
59.4738
3.6355
64.1230
3.0483
2.4985
0.7820
17.4993
61.0888
1.6898
2.4230
4.9748
13.7495
2.9618
60.0238
31.7368
30.4615
32.2078
0.8930
16.4613
20.7118
2.5990
1.3368
2.7990
61.8993
31.0860
58.9238
58.3615
2.1645
59.3228
20.0078
58.9110
59.7490
60.4865
20.3828
15.3363
21.1328
2.1118
2.5023
2.0743
2.2495
2.1993
0.9233
5.0318
59.9235
1.6873
1.4740
45.2113
59.4868
19.5205
61.9510
44.3488
58.5235
16.3115
61.8263
28.4358
4.1320
3.3235
2.1615
19.6118
16.2613
20.2830
15.0990
21.3743
30.2368
61.0483
3.2248
2.9365
4.0058
3.4613
22.2363
44.8368
59.7985
43.0990
66.0308
62.5328
2.9490
2.4490
2.9988
2.3743
20.4865
29.9865
2.8740
2.9980
31.5955
61.8948
6.2395
5.8308
2.3745
59.4978
60.4513
14.2930
2.3020
1.9480
4.6120
3.0740
60.7740
1.0743
44.9740
61.5638
59.9868
63.3953
61.9320
14.9743
63.0068
15.5115
3.1243
15.9113
63.2083
2.6733
4.6693
3.2640
42.9483
61.8260
59.1983
3.5863
2.5740
15.8983
17.8068
58.9743
21.6328
60.7365
2.4868
1836.3835
1441.6089
18.3563
769.7077
212.4789
1195.9436
26.7246
1822.8126
105.4653
972.7932
161.1430
2067.5073
3.2466
142.9234
1180.4380
1535.0359
120.8576
1258.8231
1129.4873
1068.8403
3179.2196
20.2876
1370.8776
2030.5177
214.5344
885.8716
243.1181
877.8011
11.4426
291.0901
1913.3477
197.5706
98.3545
1192.2734
1492.1523
202.9726
53.3804
29.3514
6.8240
1956.9016
2280.6301
1732.3973
96.2677
2061.9951
15.7131
5152.4371
1083.9999
102.0981
12.0172
109.9720
1218.5182
158.2599
2.0452
1138.3881
276.2242
1012.2433
280.6688
65.9796
2322.7507
59.2600
1635.7116
826.4394
1390.6131
345.3649
1903.4443
794.8388
31.3504
356.9160
48.1338
1425.9230
288.6278
337.2117
21.0462
115.4264
224.7465
107.6938
3.6000
14.4504
20.9380
14.6548
43.7019
40.0158
825.8500
1146.1178
918.3291
1431.9236
32.5036
42.9133
946.0926
40.0869
103.4825
943.1967
3.6988
3.1393
2.7115
0.6990
30.3615
60.5635
3.6820
13.9233
29.8868
4.3368
1.7368
4.7245
3.7820
1.7480
22.2368
15.9620
3.0620
1.1708
0.7993
3.2238
59.8615
29.7365
2.3120
6.4773
3.0115
15.9863
16.4235
17.7110
4.7818
2.2488
2.2985
59.2740
21.1365
59.6240
2.8365
1.8613
2.4108
2.0363
32.2333
30.8613
59.5490
2.5365
15.2488
15.8490
20.3953
32.5958
21.2113
1.4813
1.3740
3.7818
32.6828
61.3010
0.7933
0.6980
59.7990
59.6735
29.4613
15.9490
60.7988
62.2820
1.9370
14.6243
59.2985
31.3330
2.0118
4.8898
2.1565
2.3243
29.8743
60.3613
61.6320
3.5945
15.9868
15.4488
1.6800
2.2645
62.9203
60.5988
1.6610
2.6770
16.0728
14.0480
19.1070
3.1235
59.0993
1.0993
2.4620
14.7368
44.4993
15.2243
3.1368
46.4480
64.4608
63.3083
58.1740
44.3613
1.5735
22.0360
3.7245
1.0710
3.3368
2.1243
2.3493
2.1740
2.8490
22.5338
17.6743
60.4113
15.4865
2.5988
61.9383
61.0238
59.8050
31.2208
2.6245
3.1365
1.0995
58.9993
15.2363
1.4868
0.4068
0.8990
5.3813
22.4615
19.8440
60.4988
2.1115
2.7740
15.6238
17.0943
29.8363
14.9995
2.2815
59.4113
61.7010
28.5605
0.9743
2.7988
4.0998
59.4740
2.0738
15.3990
16.4860
2407.7206
175.4753
1016.7315
145.7060
832.4200
45.4286
733.7007
6.0110
101.7611
1067.1848
803.5535
10.1698
907.1573
214.3919
233.4101
166.5087
1917.2060
30.0595
546.9632
0.3744
2290.8330
86.4109
1140.0826
1220.9003
171.5189
76.2647
68.6233
1920.7088
1200.8654
207.5968
102.6663
1477.8980
2195.1510
24.2337
135.3028
2290.0465
11.1522
225.5638
2867.3520
1010.3945
66.0038
157.9549
648.5611
85.8265
94.4677
2235.7158
1882.9115
14.0143
253.1374
1015.2545
94.8624
1068.4127
1002.3764
197.0841
546.2560
80.5460
177.7500
1128.6794
1537.0363
804.0052
24.3805
306.8605
1398.9248
86.8798
720.4471
861.3339
800.3926
1493.2381
585.3531
868.0301
1.1373
183.1060
0.9988
1164.1356
136.4402
22.0087
1064.0112
140.8879
1617.9551
30.1111
78.1363
532.4600
170.1211
3380.6325
55.9191
128.7398
168.7974
173.2778
131.8908
6.6342
136.4651
914.3415
218.0115
855.9726
1533.2830
819.6998
152.1363
537.6141
776.0033
771.6321
1235.9551
24.2801
868.4570
913.8374
1208.2084
543.6119
981.6459
169.5923
2587.3742
1014.9344
767.7986
179.7274
15.5080
1303.7482
23.5165
2858.5925
935.8882
1346.9722
148.9944
160.5406
319.4749
3675.1396
61.2232
185.2181
188.1760
1210.2574
196.2555
64.7806
931.3206
40.8435
178.6882
863.0705
866.6922
790.6446
458.4441
21.8673
1609.9525
88.4883
37.1447
183.7703
109.1662
171.6530
64.7910
51.3420
114.8998
267.7872
2149.0696
0.3750
222.4718
867.8312
3377.5268
559.3563
852.9956
222.2152
1.1055
20.9080
14.6225
60.2243
30.3113
28.9355
1.2490
4.7820
1.1310
1.9230
2.8988
62.6758
3.0393
16.6238
59.5993
62.3495
2.0235
3.6113
31.8583
2.5865
2.7245
2.4990
3.7365
44.9870
14.8990
60.4238
64.6960
15.6243
2.4115
60.2985
2.9743
5.0320
62.0758
61.5258
20.3365
62.0248
60.0488
43.1370
16.6110
0.6305
0.7240
20.3678
31.9458
30.0865
63.0980
3.9720
4.8360
2.7985
61.2240
4.1738
43.4740
15.3865
60.0990
3.5490
1.5990
20.7185
60.2735
58.7490
64.0838
62.0568
28.9740
1.6065
16.1985
32.8335
30.3243
15.9235
2.2618
15.1303
61.6488
2.4363
44.4618
19.1330
3.9318
58.8618
60.8368
60.7738
18.4865
60.3240
61.1738
18.7685
59.8490
20.0205
3.3118
1.4873
20.1333
3.1988
0.8055
47.2815
1.0058
64.4728
22.3485
58.2558
59.4243
15.3745
17.2978
31.4195
43.7906
8.9906
110.2310
1300.2533
1300.3220
844.4441
2153.7029
2232.4575
1098.0748
825.9219
251.2709
2100.5669
821.6639
574.4699
186.2143
1836.3378
1593.9306
2578.2290
1034.1670
805.4699
1.1487
803.1649
745.0074
759.5549
1326.9568
1069.0194
88.6588
1176.0885
1464.5184
2165.0020
38.8845
338.0361
43.3607
13.3623
136.4725
105.9771
467.2988
17.3890
79.9389
1828.7751
1061.6134
100.0102
1238.2289
55.7170
754.3169
220.1972
2167.4821
978.0819
133.6706
242.7880
1524.4713
1002.6169
1695.7440
867.8089
173.2006
1665.1629
1699.5570
2340.6428
6.7357
384.7449
69.6379
417.7382
285.4202
839.3537
1116.3775
2426.9395
0.4383
1038.2416
1016.6410
307.8794
302.3283
222.2737
643.6035
2942.8935
1148.0053
640.5897
568.9323
92.2045
291.3908
146.2435
201.5913
57.7025
109.9045
833.1828
0.7489
1076.7780
1061.8564
20.1797
35.2381
2.2470
30.8899
111.5034
41.7598
109.7833
1609.3251
1226.4923
1002.7264
1578.1006
922.9807
460.7892
44.7218
530.9967
62.3868
1210.3900
59.6715
265.1285
1354.2857
56.4411
1035.9428
151.4284
31.9346
80.5015
1197.9472
1032.6057
600.8122
13.6258
1404.3753
82.2822
24.1956
11.3510
184.5740
51.6399
18.1935
75.4741
1360.6489
203.1878
110.8820
1900.7766
17.2429
66.7340
164.3470
10.0556
46.8538
9.4369
65.7035
1124.4716
763.2006
27.7016
221.3111
0.7241
1727.1391
2177.4615
46.3548
748.3755
811.6974
2077.6464
64.5934
1685.8179
74.4518
1093.2680
1062.7356
129.3561
60.4233
3.1733
1.2558
2.1485
21.3618
58.7240
14.4865
60.3370
1.3743
20.2240
14.2493
21.9083
61.9133
14.8490
15.5490
63.0328
14.8495
60.0363
21.6488
61.1485
28.9928
2.5235
61.3743
15.6115
60.6500
32.8205
57.9480
60.1738
14.4238
17.7315
1.6490
59.1308
62.2233
16.3365
60.0253
16.0738
3.4238
21.4618
45.8743
61.1240
61.4488
16.5990
17.0480
60.4990
21.2738
21.5988
2.3490
32.3333
3.2988
58.7480
20.6615
20.7243
44.7363
43.4865
4.1305
1.0488
59.9620
1.3563
63.5460
14.1065
4.7568
3.2865
17.0235
61.6565
60.1733
15.6368
13.9315
14.5565
21.0328
2.6488
15.7735
63.8205
35.3945
18.1568
14.8743
30.7490
64.1700
15.3238
14.8730
59.1980
30.1115
2.4623
62.0510
17.0108
2.4110
2.4240
18.9065
58.4315
44.6240
2.3370
16.1488
19.6330
1.8233
3.8068
2.7238
62.9745
0.5805
45.4988
60.5870
59.0240
18.1118
22.4360
59.7738
61.8735
59.6063
30.4863
1.7990
3.0573
3.8070
0.8730
871.2961
206.5356
774.1725
639.9960
80.6753
1179.9751
105.2202
914.1226
1579.0643
0.8773
2836.2957
986.0362
1.6497
1474.8231
1856.5994
1116.2355
18.5723
1685.3698
90.7754
1208.7987
851.4249
330.5914
1753.3164
2145.2654
54.9579
2.2747
674.1444
10.2360
66.2774
279.3469
844.2155
437.3064
701.6811
242.1122
226.9548
141.1817
84.8924
845.0405
749.5657
1249.3755
713.0667
2.9403
132.8673
638.4398
45.8592
1057.5929
374.0064
18.8050
1717.5767
665.0071
727.9117
791.7716
4.7756
432.8321
303.4687
955.9635
411.1325
153.4594
672.0380
560.4177
406.4317
794.0262
61.3838
429.3322
1645.3992
42.0923
97.1707
1541.0875
785.7052
87.1690
11.2181
20.3396
241.2909
258.3009
4.5494
288.7801
318.2132
1.0319
884.6841
754.8993
389.8266
806.7155
18.5048
15.6993
2.5488
3.1738
2.0868
2.9865
60.7483
59.5238
15.0360
2.8618
16.4985
61.5508
29.3490
28.9615
2.7860
15.4228
5.1315
62.9983
1.9743
2.7493
61.2860
60.6243
60.7610
3.0485
59.8488
60.6738
0.5565
15.9988
3.8770
3.9323
22.2348
16.5988
16.3493
3.5485
16.6735
16.4990
23.6613
60.1238
60.2608
61.4258
61.5248
3.1868
58.5733
1.7738
3.8930
3.6738
60.1735
59.7495
3.5990
3.4620
16.2618
21.9113
32.3203
62.6830
60.1500
45.3738
2.4893
2.0618
2.7863
59.2243
63.1880
1.9988
16.2738
1.4738
1.5568
2.9115
20.3105
62.5815
59.2310
60.7073
15.1488
14.2990
63.2483
0.7315
60.6483
42.9315
59.8738
3.8868
19.6643
2.5360
14.6615
20.3700
31.7940
5.6867
4.9479
438.5427
971.3748
259.8480
61.2356
235.9775
581.7329
115.6621
2607.9853
1012.7936
977.5746
228.9605
49.7001
1109.3746
25.2686
142.2149
10.8943
551.8662
118.0090
1.1455
2.6357
101.7194
361.4067
135.4341
1.4981
662.3595
1528.9473
139.8522
966.6733
349.0435
1070.2029
723.6313
1453.4440
90.5810
88.3063
4.1453
9.0397
124.0875
86.6479
45.7350
592.8609
26.6602
128.4788
966.0391
2205.0117
799.9263
761.2127
528.3551
193.4847
1347.1201
138.7148
1167.5217
642.0090
654.2634
635.8894
166.0565
19.5306
52.3479
296.8992
34.2991
12.4396
893.4118
305.4503
50.0575
10.1562
91.7183
43.4333
716.3880
2196.4745
636.5949
41.3098
1344.1006
4.4104
7.9614
727.0837
1008.8822
103.9199
719.5217
1803.4583
730.1357
21.7238
1367.2005
844.5470
515.8064
287.6659
139.2757
745.2596
1191.1200
2450.3057
688.5950
269.1451
301.2142
2.3107
854.1936
15.8121
100.8170
84.8943
284.9326
454.2474
762.8906
1656.3649
57.2325
150.6071
290.1849
760.6886
324.9068
813.0840
706.9109
746.9254
1376.7638
345.2284
40.4396
1627.7271
56.2756
54.2326
202.0414
831.4183
649.1174
115.9361
1178.7671
40.1213
108.3141
161.4843
130.3948
93.3143
284.2042
231.7921
48.5919
815.3594
730.0801
1081.1454
1999.6513
1152.5374
3247.4025
1418.9003
28.6160
276.0103
207.6864
799.6700
3233.8238
749.2864
2.1990
0.9358
20.8828
59.1738
59.6803
21.3613
2.7368
60.1243
60.5113
0.7980
1.2475
59.2238
3.8118
1.3490
0.9303
4.9068
2.9623
59.8723
18.9655
21.5738
64.0330
61.6065
59.9808
60.9995
20.5865
2.2490
60.3865
20.3860
58.8068
4.3245
62.0320
15.0488
59.4988
58.9810
31.8330
14.6980
2.7490
2.7240
17.0730
62.4065
31.4708
14.3928
31.3520
60.7115
64.7083
19.7578
1.1813
3.4743
5.1145
1.8740
1.3978
60.0490
29.8488
4.0398
1.6233
21.0993
20.9110
29.9493
3.5743
2.5363
60.6735
17.1368
60.1855
2.0638
350.6802
73.0141
800.5470
982.2105
906.9897
658.1777
2031.3718
407.7428
1629.1178
131.5921
137.5775
1781.8822
736.4191
134.4184
580.4513
626.3235
162.9668
639.3707
1967.5741
1357.0190
589.2382
770.4183
1228.7710
1178.2288
261.5070
83.8929
664.4056
1090.8275
321.4975
36.8343
2.9994
450.1855
975.6300
27.6019
1683.9493
11.0387
376.5307
884.8395
127.3415
1577.8447
1422.8909
1605.6727
185.8766
112.5511
0.2922
698.9110
2076.1809
1102.8484
378.0365
426.3728
150.1724
3.4460
364.6125
1125.6080
153.2352
738.3165
829.9707
723.2342
784.6535
606.6153
865.0904
147.6678
2.2973
1188.4733
1583.0733
802.6859
566.2498
1618.3897
692.7620
2.9487
873.9680
783.0441
518.7800
341.3011
841.1003
89.4437
685.4872
1761.0372
265.8431
742.8743
87.0034
634.8035
1004.8066
3.4120
942.6719
144.9934
1902.8300
155.9003
35.2296
3.4024
604.7613
6.5765
1275.5484
208.7457
332.7961
879.7387
988.5043
46.9965
1670.0722
394.4289
41.9446
275.5802
1148.6078
46.3376
857.9913
850.8410
1566.5678
4.8487
184.1452
512.9800
13.9753
194.3417
31.7112
104.4868
93.7205
161.9644
67.2523
40.4858
1745.3143
668.6822
198.7558
385.7880
416.8119
1447.8580
43.8361
718.9663
49.4812
1224.0626
13.1951
181.3746
58.3560
43.8615
62.6108
59.8613
62.5758
61.2988
44.4488
15.2493
59.4815
1.1855
16.6223
3.3733
63.4330
20.8615
43.4480
62.9255
60.3868
3.9148
46.3065
5.3248
2.4743
3.6068
15.7363
1.2993
61.2010
4.9233
62.4133
3.8738
29.9353
3.6943
62.9563
59.5988
30.9768
20.8618
32.2953
3.0863
20.8863
59.6738
1.8113
63.3733
20.4958
16.8493
5.2990
15.8740
63.7825
32.4958
60.3985
15.0993
15.1115
61.2818
15.2475
4.7943
1.4805
2.4975
60.2493
20.5078
15.3488
3.3640
16.1240
0.4993
33.2080
67.0383
13.9380
21.6865
59.5363
2.0143
14.1053
1176.7693
870.8393
221.2594
1197.3237
52.4234
41.3873
2145.7180
167.4908
1059.6904
11.3185
1779.2547
967.1178
724.4740
1626.8099
670.5557
17.2795
830.8958
883.5934
1930.7758
1267.7831
1994.6651
796.1878
15.9035
952.6460
13.2294
354.1906
2232.9378
130.0495
1069.7314
287.0692
33.1231
1561.8158
127.9306
1656.1380
1900.1914
2831.3124
3118.4441
1358.7785
5.9933
1777.3565
3512.6719
193.5203
2.2698
118.1620
109.3200
7.4923
185.3311
24.9676
1255.2991
217.1806
2494.0856
387.5496
175.1123
93.9930
1592.8870
1518.7225
1899.9340
54.8515
1714.3047
1017.3049
26.6874
930.4957
22.4662
232.1544
21.6522
154.4356
249.8278
900.4223
57.8153
72.1041
702.8944
921.5042
1098.6588
10.0192
15.3326
1250.0001
821.4873
821.7202
1100.0188
3.1735
59.0488
1.3553
14.4740
59.9478
21.3705
21.1993
5.0805
21.2575
62.9135
16.2365
59.5485
30.8490
15.7113
31.0863
20.1580
59.3490
2.9395
60.4490
20.7830
60.2988
15.8113
19.9855
6.5345
16.5738
3.6123
1.4238
21.0365
59.6485
16.3985
61.1113
20.4828
16.3863
2.3893
62.8653
16.4863
19.3408
44.9988
4.1708
21.6993
64.0978
22.0110
61.0988
1.4980
43.7618
60.9993
3.0738
60.9620
22.2450
19.7868
2.2478
59.1800
20.8703
176.1242
3.5118
41.0650
150.1745
11.8506
976.4876
700.6122
183.1415
788.7165
25.0612
858.4704
83.8277
540.1757
159.9148
179.2976
992.1671
19.9527
1540.3136
207.5465
570.9425
111.3787
1828.9362
804.2695
992.1948
368.7720
120.0325
1007.5517
774.5805
109.7755
791.8578
2125.7833
19.7523
28.6837
1831.5543
980.3594
352.5295
17.2809
1845.6301
61.8853
790.0459
62.3415
2575.9558
13.4713
17.3857
2046.7265
944.7398
407.6064
1086.3735
191.6031
50.4085
1036.1615
570.2136
986.1195
1057.3487
1522.2035
103.7097
21.9031
2518.2433
59.5059
1304.4664
2.2476
543.5424
952.6631
329.7150
1273.8787
924.6176
955.0961
356.1303
75.8144
91.8535
2970.1138
29.6992
70.1610
295.9631
1704.4375
103.6573
9.0987
708.8613
758.6418
187.4174
85.6192
608.2406
58.5727
103.0020
155.3363
20.5502
28.5645
32.5273
151.6390
158.8115
74.0297
74.6966
63.1800
1089.3861
55.4069
1840.5417
414.0674
187.7157
211.1518
185.7403
3184.0382
878.3507
112.6487
1453.4638
628.0117
110.4059
1056.4718
89.3457
1022.5669
1508.2111
1542.5470
753.7422
57.9062
974.3702
519.6959
836.2611
1050.6544
48.4034
3381.5331
1640.2541
1543.4276
8.3687
3317.5497
1261.8116
45.2969
143.4801
228.4429
1316.6282
199.5093
787.0907
1074.9178
1909.6164
243.1826
1.9477
1253.6133
149.0045
20.2338
213.0456
3.2494
31.2009
70.8524
2335.6008
14.1740
938.7375
2521.9388
18.3057
918.5344
485.9613
107.3314
5.3990
3.0238
22.2373
14.3355
23.0443
28.4190
20.7110
59.7733
15.8363
61.0570
17.1940
22.7868
33.1080
32.4705
59.6243
59.2363
2.2105
16.7115
15.7493
59.7863
62.5568
29.2493
1.9235
61.4070
31.4768
4.1315
60.8235
21.5745
16.3738
2.5485
2.7738
63.0318
4.2558
60.8730
21.6578
61.1230
14.2740
29.9363
3.7113
60.1228
2.6238
1.3493
22.5235
30.3238
2.9238
15.5238
15.3613
61.0118
20.6325
2.5490
1.6818
3.5113
3.1483
15.3618
1.2495
64.7353
3.3495
20.3368
44.7240
20.9228
20.8403
64.4478
29.3038
0.5315
52.3334
34.0266
1095.6006
960.4672
662.0455
994.6333
2096.4607
2714.0458
900.5684
105.3664
864.5048
40.8625
120.0561
603.9106
1531.2969
1985.7633
932.6720
1440.8659
1950.7422
906.0777
522.1872
842.8380
1079.6502
950.5299
994.6826
55.0047
1731.5736
458.4140
14.8606
955.4641
84.6927
79.0281
795.1593
287.4993
170.0801
28.5395
84.9541
15.6099
1388.1519
944.4830
1553.9824
133.5945
705.6922
63.7740
2604.4664
109.1544
906.8566
209.2200
1189.0016
907.1467
1246.3347
894.3803
1592.2519
52.2739
1620.0435
2041.1053
904.7367
343.1047
1700.7540
27.9274
2551.1034
175.9212
1087.7242
1040.5513
61.3441
2714.5057
377.1014
582.4924
237.3862
1156.2190
235.4438
103.5791
833.0246
15.0549
846.1631
345.5927
195.7950
36.7108
83.1069
851.2163
6.5662
979.1324
43.7257
43.0630
49.0618
185.6759
59.3106
968.0961
1129.5583
973.3163
1179.3894
13.7597
888.6274
107.0671
130.3825
788.9938
268.2377
59.5833
880.3473
1249.5265
2102.9999
6.1685
1228.0199
317.1472
1599.5247
60.3918
182.1890
63.4982
1851.4702
107.8399
1742.1117
10.6999
1513.1775
63.1534
183.4367
17.3610
165.8845
89.9083
190.8894
58.5635
53.4308
62.4453
1.0226
1715.6765
74.5198
14.7020
2.6635
88.4046
162.4973
26.0647
67.4113
16.4326
877.3182
10.6244
165.8574
2456.9673
35.9910
2220.3216
15.1217
92.9929
103.7752
1071.9295
885.5355
1020.8343
2417.2340
1016.8583
92.8557
2054.0635
16.0113
43.1303
60.4860
6.5215
21.2703
19.8105
63.9855
32.3083
60.5990
2.9985
1.6735
1.2305
20.2368
1.1243
4.0115
31.1990
62.0508
60.5995
20.9113
62.0228
3.5993
64.2230
21.4615
21.1615
45.6985
60.7860
2.0490
1.5238
32.8453
63.6578
33.6948
60.3740
59.8985
59.7365
59.4870
60.8490
16.1485
4.4745
1.2735
20.0333
60.9613
2.4738
60.4108
63.4135
15.4478
63.5085
59.9988
61.3745
14.2480
60.9113
3.3865
47.2243
4.6065
60.2488
3.2118
3.6608
2.8118
3.0363
3.2860
2.9615
4.8680
5.1820
3.4740
5.1563
2.8980
3.0603
4.6493
2.5738
6.1613
0.4235
3.3808
4.7493
