2024.9940
2039.9940
28.8404
5.7000
5.1865
20.1865
419.4589
874.7940
809.7600
714.7043
722.5949
818.7000
183.9382
2146.9620
356.8980
178.5808
3578.2700
3399.9900
699.0982
3374.9900
1971.9942
1957.4942
5.0136
5.2250
405.4770
27.8790
4.7500
758.0759
5.5100
26.4370
845.6342
19.5136
4.7543
849.9975
843.7475
647.9940
1229.4589
1242.8518
744.2727
36.4470
125.4150
24.2945
33.7745
65.6018
52.6470
141.6150
196.3290
736.1455
35.9940
44.9940
53.9940
14.1289
22.7940
22.0342
20.8945
16.8221
11.9940
469.7940
780.8182
67.5390
202.3320
198.0360
324.4527
1466.0100
234.8970
1308.9375
165.2310
600.2625
580.2538
454.1342
149.0310
214.2360
74.8380
209.2560
61.3740
14.5000
88.9320
20.5200
34.7942
137.6940
11.5942
180.1290
18.9950
15.0000
1188.4770
13.6579
430.6445
49.4945
313.6376
1265.3063
43.4942
52.1942
41.2445
626.3942
1417.1430
195.5876
136.8945
1201.4234
202.2808
189.7847
59.3282
1000.4375
2181.5625
782.9900
2049.0982
2071.4196
2443.3500
56.2595
1343.8425
35.2321
18.5043
37.4950
129.8138
550.2406
24.0337
32.9945
4.3221
133.1042
177.8069
1127.0040
32.6487
17.0955
12.9515
179.9683
29.9940
323.9940
338.9940
461.6940
14.6940
1376.9940
1391.9940
26.7240
37.1520
24.2940
48.5940
149.8740
158.4300
218.4540
28.9942
32.3940
38.1000
15.7455
32.9940
4.7700
72.0000
72.1620
2.9940
37.2540
34.9950
41.9940
16.2720
5.3940
953.6280
63.9000
54.8940
1430.4420
728.9100
12.1440
31.5840
72.8760
602.3460
334.0575
242.9940
54.9420
72.8940
105.2940
1020.5940
23.4840
66.0000
1.3740
153.8940
29.6945
30.2445
36.8300
27.4945
40.5942
34.9250
4.9445
2.7445
858.9000
14.2042
313.1942
4.3725
672.2940
296.9945
327.1565
5.2142
31.3142
38.4945
200.0520
69.6000
31.7500
27.6540
31.8942
13.4695
2.8942
153.1490
791.4100
1345.5942
563.7528
58.4935
1382.7606
704.6130
1311.2385
552.1505
183.3810
26.9950
935.5445
986.5742
4.6110
2.4950
4.4950
22.7012
46.9742
234.8942
264.2244
8.9900
1214.8500
34.9900
2319.9900
9.9900
4.9900
32.6000
3.9900
159.0000
49.9900
1700.9900
35.0000
742.3500
28.9900
2384.0700
539.9900
21.4900
24.4900
24.9900
2294.9900
21.9800
769.4900
29.9900
1120.4900
53.9900
564.9900
2.2900
54.9900
63.5000
7.9500
120.0000
69.9900
249.5428
20.9940
20.2942
1331.0942
19.2445
35.9136
24.4970
211.1722
582.2678
53.0642
61.7700
48.7435
183.8049
83.2981
60.0000
446.3042
3.9750
1262.2445
193.3836
668.1675
649.8842
1.3282
11.7392
850.4950
25.8332
144.8782
38.9935
174.6585
24.6935
258.0824
445.4100
1192.0350
430.5630
408.2925
1759.2120
1275.9945
31.4955
112.9980
15.7296
