23153.2339
1457.3288
36865.8012
32474.9324
472.3108
27510.4109
16158.6961
5694.8564
6876.3649
40487.7233
807.2585
6893.2549
9153.6054
6895.4100
4216.0258
2955.0542
6434.0848
15992.7446
8773.6810
11036.3964
1481.1742
12832.9009
15524.0686
4363.7107
48204.0662
6301.6258
3082.0191
3899.6756
1416.9322
14323.1194
38291.2063
1460.6061
985.0180
43362.4196
23126.4500
23242.1865
44344.8265
3953.9884
3756.9890
772.5036
3729.3640
37106.2915
22801.4324
9661.1367
1038.5162
1022.9155
20571.9592
23130.2957
11473.9009
7638.8584
2280.1432
29675.6422
1970.0360
12382.9248
2292.8400
8090.9178
15423.0001
4404.1073
12381.0798
26346.8927
34922.3602
1935.4159
43335.7219
14860.6446
4589.8732
36806.4892
2417.4793
55408.1581
4859.8668
10580.0803
13042.6279
46465.9531
137343.2877
8036.8834
23223.5397
4594.0664
24459.1140
17433.1351
43706.8175
20634.6499
130416.4829
76.1805
19543.3150
16255.1776
2344.3852
84686.9878
36672.3922
18627.7044
36585.9040
36556.8816
4891.9878
57683.2312
57391.4284
13449.1563
38990.6256
25575.0000
59486.4175
22.3061
12796.5962
11128.3803
37121.6273
16508.0083
2884.8375
28723.5473
21862.8919
22224.2255
14730.6466
41347.1129
9179.7465
4560.2864
44423.5959
24047.8587
950.3979
29779.1373
6872.9758
31591.9471
28945.1938
12.6968
42277.1383
2297.0332
1533.1237
9154.3530
23244.6509
83091.6136
5641.1910
2361.5536
7487.8626
5055.9137
4592.0219
12021.9591
47689.0046
6796.0326
18431.4595
14074.0241
91512.8507
11030.0547
3955.6420
4294.4704
6870.0165
18226.9096
2442.3468
15582.1001
18768.2086
13108.5134
36532.9619
45621.2458
37706.6125
75293.7194
22915.4692
14537.2940
3859.2790
55277.8557
30375.6923
72894.3213
4577.1764
17387.3963
2931.9869
16060.3046
102525.9874
20874.6359
62725.3407
39881.9747
23095.3463
28927.0463
64.2420
45433.9629
49297.6080
98932.1970
65037.6996
6236.3616
18344.6411
49346.3436
4596.2216
4331.5897
5093.9316
3865.0555
27005.1224
69900.1415
10668.6138
36463.5495
11519.8817
31153.3874
35609.3132
8785.1473
33197.1756
6.3484
42234.8895
21262.6570
20995.4191
8733.9760
13928.5021
31091.8093
207.7582
8279.3334
29323.3854
47410.6684
2923.7113
4262.3494
38199.8970
23749.8917
38566.9973
29689.3502
3398.5212
9215.6816
680.0689
47155.5779
36996.9047
11583.9419
3816.3832
75971.8920
7290.6993
32153.4600
33552.2466
1347.7377
17380.5563
13704.0978
5303.3339
22152.2446
20128.9083
3410.0741
22503.6752
39393.3135
40145.6114
44212.6089
4723.1073
49116.1883
11440.2727
1889.2429
49012.5587
47939.4352
6183.7133
28042.2034
142312.2199
64981.7034
29406.5783
29448.5055
83772.7786
46666.5213
18589.0781
6899.6033
122500.6617
118206.3408
25701.7581
21954.2042
96937.2022
26567.7564
816.1709
65105.6812
1638.6903
43514.8419
57231.0827
18308.0583
415.5164
23626.2532
11097.2506
77692.7415
55212.4098
32294.6471
46267.7358
110276.5740
6840.4298
33893.4937
34445.2611
31670.3289
944.6214
19650.9027
1057.9537
47348.8150
21668.8078
53733.7469
38899.0578
2434.0712
43136.7848
52872.0292
2546.9658
34509.5571
65872.3967
7477.8508
45203.3586
47591.4489
33494.5097
29481.2747
16090.2705
11702.3040
51628.2811
100237.4063
537.9491
14594.6340
2587.9204
12197.4254
32001.1813
15780.2862
42338.3846
28848.4215
6908.4859
5861.3493
92470.0936
104545.3150
3790.7869
2401.9502
6553.8361
4619.4599
34465.5095
24320.2543
11690.7511
78461.0295
75865.1515
23472.6843
14020.6584
2480.2443
53342.2783
112067.3649
48307.2468
36676.5854
28866.9646
478.0872
32915.1222
33340.8184
160.6050
2645.4188
52005.1806
97765.7518
875.4270
16323.4531
39130.2034
117373.1283
15396.7194
67518.8195
37650.6136
45857.3386
19265.5486
54234.6640
5416.2480
30553.6572
31221.5327
45769.7268
36680.7029
5695.1541
16058.1495
44560.4030
1555.7138
4843.9990
3386.9682
31989.5654
21748.2094
14924.4086
22229.2505
43525.5187
25034.2304
6180.4360
35223.3705
26962.8476
82490.9371
17837.3280
12522.4584
59713.6183
27052.2013
3484.0780
27645.7018
31637.8485
6733.5399
27058.3881
13771.7748
9192.2504
21263.0024
27605.6261
32394.8687
4250.7965
45754.8749
75434.2741
8069.6789
6857.3198
33256.1571
32879.4312
1152.3797
14364.3848
1929.6395
9183.9397
31972.1684
33797.7081
16800.3827
33502.0313
44776.7272
37697.3974
61426.8586
32.1210
38617.3999
18350.9895
27306.4470
7246.2473
17819.9750
23005.4047
101020.1731
29945.0453
25016.9010
22975.2493
22885.8824
25793.0294
6884.5038
32142.9153
96861.4290
13432.3383
16011.6727
20601.5459
2641.4923
18905.6810
16921.7017
57525.3938
68918.2404
33750.5413
16028.5627
11476.7797
68896.7026
15356.3228
43565.0481
2914.6576
25594.8725
13710.4462
71207.6516
69598.4079
76.9387
22686.9920
31389.9814
4756.5839
57577.7682
15813.9980
30762.7429
19899.7785
64342.9523
31262.6438
2874.2609
39114.2895
70980.0740
23634.3103
65434.5791
21576.4251
10608.3479
13714.6394
35612.3114
21659.9223
32412.8969
1614.5170
40595.2909
8190.8687
61320.0951
109340.8212
4803.9004
7529.9140
42339.2470
12672.5976
24144.3832
24600.1019
32057.1254
48142.8235
76.7331
63507.9595
831.0328
3818.8824
10095.6406
13744.2262
45902.8087
8622.7828
57157.6200
61904.5716
12543.8602
77964.0532
28728.9392
74018.1914
25709.5900
36656.8539
6874.2098
64143.5534
28674.1873
4827.1090
70632.8848
38910.4755
17171.8077
36516.0719
88863.9705
12050.1477
9186.0949
31629.2609
33029.7055
9254.1920
66105.3595
4371.9863
20304.9042
35133.6854
51766.3167
45843.6116
29299.5826
4237.5277
45901.3963
77594.6803
11514.8700
3461.5897
3248.5120
35568.0885
30045.5398
12715.9625
39546.3440
66548.9795
32998.8321
33210.2125
31052.5094
11111.3027
60170.4748
25499.4202
11135.9262
45954.0341
27708.6766
3292.9062
3980.3915
27128.8957
35440.1635
3891.4000
7721.8353
36309.0209
37625.4303
36281.4387
16079.3497
2978.8996
31324.4507
29580.9836
3396.0221
9192.4432
2449.6002
34905.1646
5309.1103
33714.0297
13782.3164
34356.8150
1146.3285
24442.7803
27501.1492
3908.7294
29418.5269
21436.4436
33328.0994
55083.0127
52255.6395
38235.0189
62770.1045
2619.1862
37257.1606
27677.4245
59545.6292
9619.3538
34775.6435
106261.9130
70140.5883
33985.7129
33159.5844
51229.2526
15977.8927
44214.6412
24913.5197
13697.7494
113042.7512
114690.6064
26252.3533
9268.2382
856.2467
23412.7543
73399.9209
20517.6136
70211.2189
42544.4821
1730.7949
6853.1265
16043.7937
52378.7571
13920.3402
57178.1077
27192.3367
25330.4483
82830.5278
105780.1033
24925.5236
29292.1690
84134.3764
10752.2252
3677.3573
57825.5764
16231.4577
53660.6032
31642.1403
11573.0102
74016.3123
63500.4848
3283.7289
51494.4587
201.7070
2910.0374
4853.3508
54889.6182
32899.4246
16156.2599
16157.7463
6377.4207
7269.5013
56472.8163
51204.0606
403.1163
1077.4318
21444.2981
3393.5229
4377.7627
28906.8088
17802.5280
33243.4322
28981.1466
21961.7533
11589.5448
1291.2411
30344.6257
4836.4395
4407.3846
5010.5622
5062.2138
25896.1905
66414.6274
9653.9739
67656.4546
21170.9423
8071.5703
6226.6090
16461.6425
37567.4236
36667.3332
4302.6278
6861.2843
27339.6079
26937.2303
4460.0736
28633.1459
1017.1390
36319.9540
1829.2478
14679.4355
11092.3826
3759.6381
53295.3497
18695.1005
15535.4164
52178.0228
11311.1394
54191.5037
2877.5382
1439.1478
41824.8970
6700.5716
135606.6769
53379.5867
2677.9235
41199.3865
87984.5334
1836.0776
3302.5167
81289.4617
8992.9744
170512.6689
4600.4396
96.3630
80.1767
56379.7647
6467.8143
47601.7884
2570.9074
42418.7278
50669.1839
41884.8691
14739.9662
729.6412
111633.3826
40184.5711
8293.7855
27.4407
74091.8828
847.7428
2685.8908
203.4557
236.3547
69535.3981
7249.5114
37508.5600
528.9880
110233.1643
123497.0664
1473.8636
114197.9702
1284.1907
90890.6360
64407.3379
11790.1317
4320.5075
13673.2194
47944.7750
2795.5071
7930.5570
50779.8221
34.0951
104478.5601
5444.5140
770.9676
132727.8506
1721.4004
79767.4887
9687.5932
17855.2985
99952.4380
16410.8734
66861.4015
80667.4989
1620.4135
70498.0388
71561.0617
31545.9805
366.4694
6270.9230
1105.4834
2410.6266
865.2040
2264.2536
2288.9187
2699.9018
18920.6206
54434.5173
4125.8427
53852.7385
775.4107
7702.3868
38.1483
60197.3203
58700.7642
8134.8278
4906.7689
10085.6434
87179.0499
428.6079
221.7536
43966.6364
55440.0520
5419.5812
6189.3160
31426.6915
186.6284
71396.7886
1673.9541
10835.8120
4879.0386
84892.4274
2768.7414
101655.5719
11341.9880
2798.9022
97424.9805
9558.3823
46150.5713
54663.8635
17918.1412
44380.4430
57366.7308
17223.2967
43044.4676
7012.7107
45491.1338
168.3305
8727.1055
4792.2470
205.8638
6385.2135
56702.8765
166537.0808
74.0972
16592.3909
6006.4826
3620.3367
7447.5551
100586.4124
89930.0449
2645.8025
1044.1117
11028.5875
65766.0724
54842.8645
61834.9438
9621.2115
71753.9051
64799.4164
1399.4512
6639.3545
78688.2955
1401.4635
20486.0004
59874.7083
1481.5886
43455.6715
4679.0910
65561.5225
55759.6405
18932.1018
45129.3939
23916.1404
385.1480
21997.7910
8801.3444
121122.2311
1106.3350
982.3123
1621.5349
51660.8576
19339.9236
46208.5689
118290.7501
45019.5403
60.1358
2875.0627
37379.2239
5758.2551
105493.6317
76433.8823
2981.6012
2824.2890
58619.0956
37041.7271
25194.9170
95172.7396
53375.5838
201.9959
81115.0688
4492.9230
11357.2980
52202.1458
7673.2560
23.1773
67022.2639
30039.2907
47820.1104
52189.6994
60959.0476
18278.1137
2461.1392
1837.8646
16446.4845
23083.5341
895.4574
63052.1356
64643.6162
20259.3929
1763.8684
6442.7007
12459.1132
39395.2381
43727.1504
58225.5532
145741.8553
715.6164
9065.1175
2758.1001
56546.4344
883.9470
260.6550
18493.7800
241.9796
100723.8578
108757.3001
29878.1139
7546.9591
158056.5449
992.9769
12943.1100
1891.5571
32557.2482
923.3696
81546.9865
44437.3562
49566.5647
680.7497
5059.0373
49556.5811
3555.1773
4077.8268
45058.1297
228.5340
4921.0705
881.9341
83919.0527
37023.3511
165028.7482
22203.8992
8940.8422
67883.4785
29870.4066
116295.0969
10901.1425
61719.7486
5485.5969
5319.0455
2838.9905
1421.7572
69291.7744
17372.7311
42214.0980
44333.4897
3129.9546
116463.9102
55609.3095
101.5473
14568.0157
555.0431
10306.0361
70421.6105
4803.6406
14218.4847
4422.7704
38741.3159
3028.7836
1420.4070
323.7274
8103.9297
41978.4044
53889.3084
19322.8073
63763.0613
66759.2041
9685.7144
126830.9608
276.4430
8569.6012
10161.6492
1257.6271
63986.4097
2381.7634
12070.3168
73470.9000
114753.0264
6832.9030
2563.1349
30881.7718
126992.2202
54376.4439
5575.9343
62642.9228
7233.6102
112076.4746
5663.7708
39047.1260
83209.0529
46597.9222
44.6121
84508.0939
2281.7570
49723.3432
10480.9801
87276.4160
78.6803
34742.3445
8692.6646
53979.9950
33206.0223
46923.0719
7781.6282
392.1097
32820.7692
32498.5880
297.9141
93003.7488
1899.9866
57652.3196
53191.0071
915.3133
3331.8170
4055.4448
37295.9417
81531.1583
126.9341
68210.0597
432.2982
82081.6877
6953.1299
39568.4399
7218.9782
8483.9321
6959.2988
732.9386
21065.0998
33508.6828
300.6724
75161.8818
6030.2819
56.8590
111922.8064
76.2853
4346.1690
4255.4027
55147.3945
1586.9642
97401.3048
11088.8527
48829.2808
59362.3164
54538.2759
49318.9998
32162.6078
29638.2773
12997.4011
43393.5931
5664.4170
2949.1326
55842.0357
5559.7175
43288.9540
307.5668
9822.3031
81357.0314
6347.8565
3425.4214
53087.0989
723.1037
55601.1616
45097.4442
9248.7115
26203.0319
4001.1931
25391.0378
3047.9964
76.2966
6622.6191
98786.0510
1797.0194
107394.7718
8418.7379
112859.9318
39748.1045
48974.7969
10283.5803
53191.3049
16319.2209
45220.8879
4682.6908
12839.3803
38477.3289
40968.3578
5190.1966
269.8050
49589.3932
99112.4483
16398.6293
729.3058
8980.0993
74493.7567
8463.8087
57550.3009
2257.2249
3400.0346
49868.5573
40878.2782
50220.1810
6997.2556
8530.1459
40073.1715
4557.1730
35116.7008
1536.6916
52145.5501
350.2312
36875.2682
3659.8671
41112.0010
2766.3611
53583.1341
17589.2799
58881.9766
39091.4814
23508.3625
9247.1139
1942.5688
1697.5192
11451.9319
2414.6245
109751.4891
245.1090
1302.7588
362.9685
15.7361
107136.3425
46172.7196
37910.4265
48155.6042
27778.5386
43139.5672
3173.9282
2268.5228
67121.2511
97613.7308
49784.3531
1057.9760
16080.0463
40986.0702
100.4487
89031.0812
44070.7691
40.0883
2851.8933
74829.8502
38624.2853
4411.7543
11543.7753
21149.6277
72651.9849
44637.9672
48930.5642
56071.6643
1650.7273
1384.3708
7806.9381
4416.4142
1286.5101
53883.4153
12580.7382
68500.2118
8487.9788
265.7329
223.6817
718.1476
10516.9668
831.4763
39877.3389
40842.0544
89069.5444
49619.9956
8970.1264
42374.1284
50.1121
14280.0571
675.8956
101001.8154
98739.7144
3402.6470
551.2941
27811.7892
88767.0192
1299.1702
14951.2989
5302.2384
283.3125
39913.2128
35194.5141
5597.8045
182.9217
36248.9309
3714.4693
2762.7134
54611.5389
1902.3692
3905.7470
33869.1054
1204.8836
3901.2135
48287.3008
37780.2553
1110.4682
113231.0188
14239.5899
4322.1759
55974.9866
29982.6185
78835.7251
9796.1579
893.3601
4567.3935
49894.8739
5120.0644
61020.2059
39705.4170
40887.9723
2573.0201
1727.6667
78.3327
30728.8984
277.4200
76.1604
90167.3302
12471.8662
12498.1133
311.0507
57452.3567
3849.9257
11348.6883
2229.6446
2805.6132
4992.7544
40814.1926
4548.1081
119.4688
43048.7685
8917.0518
33817.7701
48096.1827
2006.6488
37304.9994
3422.5036
3316.6331
76390.0216
7934.8207
57874.7924
4591.1988
203.0945
82212.6392
4836.0577
4229.2726
56715.0025
110338.4978
36669.0518
35553.4731
34321.5997
4178.4989
2921.0624
40510.6804
466.6934
986.2091
25838.0074
90186.9510
1565.6985
3702.9163
23144.6653
91046.0785
41690.1278
50.7737
709.0640
21403.6928
9994.9128
80677.6209
9842.9160
1739.7862
60871.0875
47376.0035
34157.9483
27423.1004
28128.5904
71911.0781
45293.7251
1435.1443
24433.1982
33101.9300
5379.4370
46938.4575
1684.9251
41504.0810
30056.7700
36211.1024
27023.5995
40277.6628
34509.9764
4760.8924
4330.8199
44559.5472
26213.4774
4231.9044
61333.7958
2961.5296
52187.9428
455.6047
220.4958
25715.4846
96740.1248
11108.7489
2138.2582
31578.9646
5816.7379
19455.0261
228.4813
2069.7699
456.4447
5289.8804
152.3209
284.0435
99583.9036
54887.5167
1485.9180
25.3868
2644.9402
43150.2476
296.4905
1587.4653
43104.7239
28950.1663
177.7078
9186.1793
48123.1984
25399.9522
12695.7131
6874.0335
26610.9820
472.7093
11869.8138
2971.8360
22616.6564
89028.3748
27731.5510
385.7148
756.0723
27831.4392
26068.4066
47960.7432
1562.0784
45526.9132
49183.3824
22569.7526
25066.3479
50217.0682
74722.1944
7175.7218
5628.7238
88479.4098
19239.6250
28712.7812
685.6020
19705.4770
50289.9250
28383.8749
17070.7382
84.5295
7405.8326
159.9542
5689.8038
28290.6736
37172.9538
22576.8364
46742.7558
27631.0774
60728.8293
8992.7967
14282.6771
49683.8852
43910.4173
27332.8120
12166.7251
83549.5837
2115.9522
48514.2048
1594.7611
35048.2720
11637.7369
78994.2797
37931.4274
25710.0007
23613.7233
29933.5367
92513.8498
26555.8052
2114.0120
70602.2388
26027.7109
2844.9019
649.2597
4508.6449
75091.5667
19997.7999
12208.3258
57368.1409
56596.0322
8706.8810
8433.1584
6876.8446
63011.7428
48862.8188
39845.8772
4600.3062
7333.3076
15340.6533
120.2717
36854.3018
6972.6272
700.6543
2464.5599
2857.9658
38544.2101
46233.4899
9715.9819
43073.1966
41071.0348
752.6697
613.7951
2843.6532
16694.6929
15563.5382
2783.8218
19966.9228
2066.2437
90736.4249
51410.1775
41495.6979
5639.0301
6907.6179
23171.2514
97224.9592
35532.3404
13064.6795
49850.6903
36653.6393
21398.1905
27280.9721
49267.5037
64243.0161
36830.6141
605.2734
53243.9979
46837.3357
3806.8206
22143.7092
927.0576
30370.4587
1550.1489
101069.7604
53013.6422
21739.8473
28969.4128
33437.3046
1483.9807
35245.7300
104.7480
37425.9496
1806.6519
25447.5692
4406.9804
39318.2142
900.4358
471.5282
1840.3330
45386.3704
29798.6159
447.3633
26312.6236
4269.7398
19449.7361
41265.4765
458.1082
471.2173
88059.1057
36282.6588
4759.4299
37838.6417
83298.3584
44228.1046
99507.5528
1903.6275
516.5278
54010.8625
40783.0899
44663.0076
4875.3573
237.8435
51314.2241
100902.4370
6773.2996
8904.0200
2400.7201
49071.5565
90675.5705
84666.0149
281.8555
315.0005
66757.2973
55388.0259
6044.7771
41906.4087
7558.4032
4533.9145
755.2447
40654.7297
97091.1112
3250.2136
42800.3045
1496.5072
5033.7347
51698.8941
47877.7887
138.3392
1703.6956
43499.6005
64070.2608
5955.3750
1428.9829
574.2275
610.3671
13271.8022
41074.2798
5143.1463
88289.6649
378.3826
100.2242
110266.9588
4793.4384
3301.4545
3941.2621
108780.5231
8051.2699
48088.1391
48031.1479
1090.0970
35799.5803
45355.5010
33857.8574
861.7436
45640.7566
5871.3955
7114.6418
33424.4453
674.6091
3623.6228
4168.1926
26880.0159
6310.6152
2870.2887
44568.1608
109900.1475
5913.1963
67397.5226
106618.2647
34032.6119
41541.2660
11026.5658
7505.7333
30414.7407
57109.5364
1668.3751
36470.7048
38396.7906
499.7973
13982.5451
50675.1074
105304.6547
1785.9677
4503.9283
76290.2841
63265.6899
31881.2921
2819.5151
9092.0796
51539.5098
29476.6233
4356.2067
578.8425
43345.4823
30210.3553
33995.3162
1956.8328
171.0453
41102.9221
22677.1243
48618.2545
35492.4603
29355.1061
1006.6991
16066.2511
3364.0770
107441.6818
4516.4918
49.7250
190.1490
52909.4126
8616.3793
6166.6034
34077.7439
4421.5909
51614.1692
6210.2198
593.2300
1943.4035
87934.4987
50545.3229
840.6560
2467.5907
5771.7407
12941.4578
2871.5617
504.7245
37858.4689
5072.0424
37862.7625
5614.5544
50427.1246
319.9083
118581.3375
42053.3346
46436.3936
25864.8386
33679.3075
28442.9992
116390.7349
46905.3158
925.1855
681.5586
47893.0954
13179.0815
104751.3605
36308.0778
3697.8193
2946.4492
78560.8142
28963.5634
76861.5747
59784.6491
51438.0899
21263.9208
7550.2288
1074.5510
881.8229
49740.9593
80639.0422
1460.5312
33230.9334
38268.8819
98476.8845
47807.3096
242.4277
12880.6060
66963.2766
4200.0046
589.1239
25906.2943
88914.2997
46374.7515
364.8386
43214.8509
39281.3353
2150.6110
18956.8341
436.2922
2083.3668
42597.7826
43665.7360
117819.3126
8793.3479
7461.9423
1689.0125
41847.2423
65492.6682
52087.7772
4183.2730
36241.7955
107452.3406
53143.2411
8851.9764
29789.8400
32553.0847
202.3635
873.7259
39360.9687
65363.8828
13824.8635
12119.3876
11159.7159
4190.2831
5976.6219
883.6538
540.3619
50142.2897
831.6193
3182.7748
35624.1763
3060.8278
1594.1353
481.0087
30550.4546
15732.1207
56147.0558
1727.9668
24919.6096
4952.1456
108152.5237
51522.5105
50284.3158
3326.4988
2521.9680
2263.1976
6575.9192
2758.6326
49173.3806
2765.4115
10086.4777
648.3247
35139.6689
2260.9830
38253.8365
8613.5331
40764.3319
44180.0411
28849.6542
3151.6785
1678.9703
1459.2824
58747.4862
9297.9380
757.5076
42379.6245
5081.4712
1409.7575
41328.4347
924.7217
9647.8579
25886.9454
6537.5727
364.8172
2721.2728
41578.3782
83546.8676
87003.1753
5447.8207
55690.8386
169.2827
6380.8276
907.0891
91656.9541
3100.9904
1514.0060
5276.6421
39602.9181
39373.9752
34251.9476
3315.8040
32604.0660
80550.9689
57441.8455
211.3611
27552.4785
76533.1626
7733.0917
39489.9706
31057.3600
12290.2910
757.0030
3134.7704
5955.0296
13088.7189
30.1848
2040.1407
64168.1167
89678.1892
68547.4812
105281.9588
87230.1406
1375.1643
124397.7924
80254.3456
1498.3421
5799.5477
46114.4541
187487.8250
110798.8179
1149.1888
5788.5400
5705.9547
729.6344
52291.5165
37894.4713
9146.6442
65292.2437
4519.1997
2516.9863
66876.6357
7877.7925
16462.5525
56844.5342
64262.9075
46963.0779
7618.9789
30155.4718
73014.4075
10411.8171
102017.9004
61090.6927
38066.5131
4284.6113
56975.0456
2827.1741
545.3425
111207.2228
6427.7062
786.5046
6346.4557
81.5070
1171.4654
26541.9771
72006.6112
4190.3125
4224.5144
2946.5971
1457.5416
331.6524
24.0303
2709.8357
1381.0732
2580.1419
2916.0287
2809.2526
2778.9977
1934.8329
2646.4419
857.8447
2634.3974
620.4354
596.6890
2765.6272
1911.6169
2591.1808
2574.6279
2560.2519
2598.9158
888.9394
706.0398
2562.4508
622.0708
1276.8054
2673.0613
1402.0682
2715.3497
2618.8058
2738.5657
714.3273
830.2307
1368.4873
612.1369
2574.6390
2614.3637
2610.3084
1445.6826
606.6229
1307.7344
1367.7911
2602.2640
1949.1869
2735.9248
2740.3337
2650.8398
2576.8048
2538.4944
858.9607
1879.5940
2535.9640
2624.3529
635.3529
622.9659
1346.9729
624.8444
627.3748
2682.9953
2688.5092
2552.5169
2775.0086
654.4584
2708.6865
2749.1185
1303.8669
1238.1415
2698.4432
2649.8453
2612.1758
927.6033
2674.6083
2625.4248
2642.5302
2742.8642
2584.5619
2000.5583
2760.6657
2630.4194
914.1997
1939.2529
2555.0473
1293.3804
891.4698
2748.4997
2590.4073
2566.1194
2547.0029
2563.5890
695.0119
1352.3432
899.9894
634.2479
624.5571
651.9058
2720.0128
1324.8619
1253.5894
639.1983
2666.4313
2602.2529
682.3044
895.4036
2644.3313
1270.1644
1297.8004
2622.6844
905.5254
1976.7898
2613.2808
2658.5748
1272.6948
2656.3869
2608.8498
1389.8911
680.0944
1382.4876
2784.9426
2588.9266
1914.1473
613.2419
850.2865
2640.9169
2726.0571
1265.7554
651.9279
2740.3779
2639.2373
2591.4681
2647.5358
679.5308
1303.3144
623.7504
2754.0136
997.7929
2562.7823
2607.7779
875.5357
650.8008
2585.9542
2720.4769
753.5769
2601.1148
2738.4552
2791.1637
1014.3458
671.7958
2737.0408
2674.4757
662.4144
2613.3029
2762.9862
2596.7279
2626.5408
2622.1098
2587.8769
1342.4093
2659.7792
1971.2758
2648.6408
2614.9383
2668.5640
663.5083
1397.6482
1944.7669
1909.7384
1907.2079
1973.4969
1954.7008
2606.9713
1374.4432
1928.1919
648.6019
2810.5012
1950.2808
2893.5751
2571.5671
2632.0548
2674.0227
2703.9903
676.1937
927.6254
1918.2579
866.6294
859.0712
2649.7348
1962.4469
689.4869
2717.8801
2763.5719
820.2968
2652.3757
2718.6205
2725.2836
2639.8008
1286.7394
2785.5172
954.6869
2590.0758
2623.5242
1445.8594
1308.8283
2658.0444
632.3473
1357.8572
711.5648
2643.1048
2582.6834
2623.7894
2580.1529
2633.1377
2621.0158
835.7447
879.9557
614.6673
660.7348
676.2158
2751.6489
651.1323
1966.3144
2684.0119
711.0344
2651.9669
2619.0931
2699.0067
666.8565
2696.1890
2868.5248
2615.4687
3566.0297
36262.4638
38293.5086
2318.4461
275.7448
2257.0410
6551.0071
25166.8474
5422.2969
2634.9345
1694.7925
56754.5580
27529.1797
5863.4434
8701.5339
891.9933
4484.8318
192.9339
20709.2044
114536.7764
30980.2069
88730.5249
42282.3133
59511.2180
16182.7642
5282.2860
8249.0060
58307.8201
109948.7407
43192.1496
3928.6360
9828.4092
1459.2690
55908.3728
970.1276
3478.1096
37060.7801
5042.7250
2621.5276
33646.0809
95639.9897
96800.2419
2624.8845
7386.3689
225.9588
125157.3774
3913.8274
3340.8244
3964.3432
3047.5898
357.8934
82706.5451
6157.0285
2128.3633
60652.5416
3107.9593
9285.1533
65705.6659
64531.1148
5241.7147
519.8674
46812.7944
35.6741
850.5672
1470.4124
48415.4346
115124.6277
52536.1229
45129.5676
1812.8068
9144.4554
845.0174
62756.8287
19412.8236
38657.3548
49343.1786
40314.9314
53390.7048
43394.2428
17912.8631
8178.9157
3414.0393
72.1751
11920.5677
7692.8366
1.5183
120955.8851
8361.8616
2412.6267
17990.9615
32.7309
68951.9035
17091.6370
33751.1773
35646.5240
1494.8232
8578.8082
22.9341
907.0909
790.5077
2998.2491
3812.3838
1940.2551
978.8194
16234.4291
4144.7183
1827.4519
49526.7416
51558.3371
5814.6709
967.0164
65741.4458
23366.0623
5866.3595
2053.8436
44754.0089
7997.9122
4747.8670
5089.9487
145454.3660
112685.2793
59810.9802
63029.9457
81561.0362
25448.4308
74353.6530
11230.1556
126852.1615
22995.1150
49695.3575
34376.6700
3982.6289
16144.8272
42143.9543
77823.9958
44399.3457
48214.1832
663.3046
36.1923
50281.5162
10961.1443
5690.2167
52243.3825
1094.4518
11098.2790
6749.6866
12188.4783
75829.6463
4049.5107
4705.0590
39982.6320
81750.2576
37928.8654
107757.3830
140042.1209
2168.2888
80031.2047
11762.4346
4651.4858
4324.8038
579.4381
1100.4593
5983.4620
29.8702
457.0679
367.8538
7471.2755
44816.9738
9.9340
25.3819
46.7194
183.7394
38.6640
64.6094
2.5305
86.7204
113.2404
83.4054
38.5535
33.1390
106.1574
41.1834
25.3377
76.2119
99.4169
94.9748
82.8529
159.6394
205.8394
79.0959
43.0729
32.0340
32.5754
28.1554
60.7529
41.2055
38.6750
101.6048
672.9008
8.7848
15.4479
70.6869
95.5273
16.5529
59.6590
34.5534
36.9402
37.5479
98.8533
36.0230
47.4377
55.2169
26.4869
71.8029
98.8644
75.6815
87.2729
138.1140
71.2394
8.0444
71.7919
62.9408
44.1779
66.8194
26.2769
2776.1136
2653.0277
2666.8623
132.6000
30.1444
217.6519
93.8698
27.0615
65.1729
75.1069
2799.3297
5.5140
23.7465
42.9624
11.0390
176.2144
132.5779
77.3390
93.8366
89.4608
62.9519
35.6584
85.0298
176.7890
624.3029
659.6408
2758.3784
883.4254
2615.4908
40.8408
79.5048
1025.9815
876.7733
45.9570
33.1279
27.6140
87.2508
104.4004
136.9979
79.5269
44.1890
4.4090
683.9729
2672.4204
2724.8527
1332.0444
80.6208
55.2390
101.1959
40.4320
77.3169
35.6694
199.9829
66.2006
24.2879
620.9769
6.9394
69.5929
54.6754
57.4158
54.1119
126.4783
16.8292
68.4769
2607.7116
1268.2859
1427.4059
2693.9016
38.9292
40.0784
43.6144
14.2987
34.2219
92.7869
626.8334
2605.5127
1933.7058
623.1758
2668.5419
136.9758
108.2569
81.7258
66.2779
140.6444
142.5119
106.0137
85.0519
74.0019
640.8669
696.1058
2743.2288
681.7298
59.6148
43.3713
98.3119
718.2169
70.1344
119.2737
215.7734
52.9958
42.5094
2614.3748
2618.8169
11.3152
38.6529
166.7777
26.8184
132.5558
250.2715
2702.2333
178.2255
13.1937
82.3004
214.2485
49.6256
2753.6821
2585.6669
175.6950
2742.4111
43.3381
166.7998
72.8969
692.2162
2636.4748
2607.7558
2650.8619
65.7254
122.0583
60.7640
75.0627
146.9319
114.3454
67.9023
53.0069
171.7723
2577.1694
2604.7944
886.0222
1360.3876
885.9559
891.1273
88.3669
216.9005
1386.1894
1292.2533
2711.6148
50.7748
100.4998
14.3429
33.6804
90.0133
951.8912
839.0155
1313.2483
2650.3094
208.7677
624.3140
41.9569
137.5173
29.8019
49.9681
165.7279
52.9737
118.1908
868.8947
987.2844
1366.6419
2764.6658
30.6859
147.5065
201.9719
1945.3194
2755.3617
2771.3732
1943.6398
2613.2919
172.6784
50.3659
68.4658
111.0083
59.6479
180.1040
2599.1921
2587.3133
874.4086
645.2869
109.3508
15.7242
91.2620
164.0594
156.8879
798.6609
2806.0591
1418.6211
1889.5279
93.9029
168.6230
133.1304
884.5083
54.1229
31.4704
161.3963
81.7369
128.1358
83.9469
118.2019
888.9504
85.0408
125.9369
41.9127
102.7208
1263.5233
19.0834
101.6158
73.9908
137.0090
133.1194
2631.4912
44.4431
103.3065
116.5223
32.0229
82.2783
1955.8058
852.3307
860.3751
683.4094
2728.3003
1248.0754
62.9629
83.3944
136.9648
67.4934
139.5394
941.2611
2681.8792
748.0077
2597.8108
69.5819
103.2733
118.1798
87.8033
33.0727
728.1398
98.3229
686.1277
2774.5887
171.2529
136.4454
48.0233
51.3494
971.2508
171.1977
86.1458
49.7029
165.6727
173.2198
131.4508
148.0258
2692.8519
2710.6092
114.3344
185.6290
63.0845
1961.8944
157.4073
149.1198
76.7533
647.4637
997.2183
1407.5822
630.3694
2661.1605
634.7783
674.0058
2694.0563
2745.8587
2808.1586
64.0679
93.8808
78.4108
1009.9258
918.6197
2629.8669
65.4934
104.3783
937.5594
1977.9169
929.1282
1973.1577
60250.3048
45317.0600
35611.4804
30202.5847
53043.4629
105420.9481
33136.1251
118040.1854
258.1833
3258.6008
72279.0263
95426.0186
1334.9448
6398.8469
28940.4502
24134.5079
64453.9897
43376.5609
103883.1767
1835.3873
30575.9320
44557.9093
14930.0161
28330.3259
45009.4037
254.1548
49576.7444
273.5594
1657.4485
69028.0591
31525.3324
65910.6732
5576.2074
79.1923
1814.1819
3934.2070
20135.1188
26378.2508
124.0055
4615.1346
4309.7515
101657.3019
2160.1078
31731.1199
46166.2976
1277.4103
35912.8785
4746.6427
2304.9193
45788.5612
119054.4623
5049.2540
39665.1801
4118.0206
50039.9037
623.1586
37883.1959
55084.8357
62973.8414
505.4756
178.9467
99023.6736
53658.0588
1546.3288
1326.6091
3453.4959
61089.3590
26919.2309
39321.9038
83255.4331
4413.5084
18.3792
85368.6199
43697.2576
2462.2580
27761.8156
13966.0168
111328.3281
48702.8022
1872.2906
23221.4328
19184.4883
8511.5257
33550.6759
6680.1068
53.0504
1769.7977
4091.5357
38168.2974
4880.8225
37836.7279
12036.9197
30177.9154
8483.0922
418.8118
4103.7579
1012.0021
4490.4797
451.9174
1407.9076
60662.6797
54892.7877
91734.9579
91737.3896
3.0365
33098.6349
71729.8592
33038.7512
2944.7738
29221.7987
71728.6698
56498.2214
2209.8762
130249.2557
1419.2461
2458.8636
49625.1574
48965.9275
11308.6436
1415.2608
40978.4697
3753.8969
11618.7534
57923.5832
4335.2444
2899.8526
3086.6630
2500.9563
62.0569
1240.2376
71493.1426
5097.1925
1163.9363
1214.6010
7614.5455
54.8869
2299.8960
4281.2213
1878.8359
4419.0950
620.3340
799.1191
9892.4225
2039.4821
76371.1911
52556.0907
17306.9674
2147.1679
3421.1900
906.3085
2135.2196
1879.7023
48417.3910
69019.9800
27975.6266
77667.4442
3931.9148
1047.6762
1371.8659
120512.2708
8770.1987
938.3262
2547.6862
109.9807
146.9098
125.3844
1895.0419
2569.0366
2683.9787
20.9619
72.8748
162.4019
94.4554
97.7483
38.0894
114.3565
668.4808
2570.1858
907.0172
207.7179
87.8144
24.2327
46.3327
2799.9927
861.3254
192.2148
152.4458
214.3479
79.4937
145.7937
1277.0706
2604.4408
56.8633
2685.1169
659.9723
2646.9723
733.1012
144.1583
49.2167
149.1529
2825.2861
2841.2865
2607.2033
101.6269
96.0798
218.6574
146.9429
2656.9283
1417.5161
829.0815
2628.7398
160.6891
2834.2366
134.7327
110.4337
34.5644
773.4669
2700.1228
74.6870
107.0966
219.8840
607.7279
130.9094
2653.0498
1402.7644
1346.3983
1423.5826
39.4706
727.5873
915.4594
114.8758
59.0844
123.7158
2735.9469
1374.0012
2604.4298
2579.5783
95.6709
2622.0656
884.3426
2603.8662
2640.9058
2673.5033
900.9176
677.8623
934.0676
93.3394
110.5995
91.6819
99.4279
97.2069
40.8077
222.4034
2648.6187
74.5765
65.1508
1998.3373
2629.3144
862.8061
2738.2342
1960.2148
2586.7387
720.9683
2732.7203
1256.8602
182.6344
146.8987
95.5383
866.8394
718.7473
896.5086
667.3758
944.7419
1336.4644
2698.3327
142.5340
129.7933
177.0542
152.9873
982.8423
1981.7844
2643.0937
1904.9758
2918.5592
2763.9476
130.3458
108.2458
132.5448
104.9419
905.5033
1325.4033
127.0308
132.5116
1396.5211
2735.7480
275.7859
257.7192
104.9529
2629.8006
2671.9453
631.7506
101.7484
86.1016
203.8504
135.8708
2686.2108
47.4819
1987.8508
2721.1178
2651.4144
2802.0701
2737.3944
661.8619
2784.8984
685.6083
138.0919
703.2773
2793.8047
118.1577
206.3809
144.2688
1898.3127
2732.7092
2616.5627
158.5123
113.7708
702.7027
787.0584
2606.6619
956.1676
2684.5533
109.9144
68832.4527
54244.2389
672.4343
28878.0084
8029.4472
44793.3885
1003.0633
68175.7662
4048.1683
36735.1758
6048.2347
76499.1179
118.9296
5364.3923
44553.9598
57788.8395
4510.4959
47117.8411
42558.6845
40222.2965
117506.1173
762.8899
51390.8958
76214.1951
8055.3125
33223.8008
9278.6117
32711.7826
421.1390
10922.2085
72017.9942
7513.3272
3757.3030
44837.5117
55864.4473
7658.8610
1993.0757
1295.4694
280.6249
72873.2643
83900.0234
64826.3865
3662.2403
77065.0055
584.3650
182018.6272
40344.7056
3835.5821
448.9741
4112.4804
45729.1907
5942.5855
84.1059
41898.8780
27.4401
10368.8396
38368.8109
10556.2779
2455.6544
87150.1119
2194.9140
61329.4926
30958.0355
52253.3903
12983.2344
70739.0902
29856.1630
1153.8016
13388.0352
1831.1201
53747.6290
10891.8329
12964.2992
793.0819
4328.9619
8500.8093
4042.1080
159.1200
529.3515
784.5215
536.8401
1830.5677
1595.6585
31416.1577
43348.3273
34779.3358
53537.0611
1255.0351
1610.6777
35811.0448
1504.5950
3865.2464
35280.6101
163.4848
138.7549
119.8483
30.8958
1341.9783
2676.9067
162.7444
615.4077
1320.9944
191.6844
76.7644
208.8229
167.1644
77.2616
982.8644
705.5204
135.3404
51.7472
35.3269
142.4898
2645.8783
1314.3533
102.1904
286.2945
133.1083
706.5923
725.9187
782.8262
211.3534
99.3948
101.5937
2619.9108
934.2333
2635.3808
125.3733
82.2673
106.5552
90.0023
1424.7097
1364.0673
2632.0658
112.1133
673.9948
700.5258
901.4701
1440.7322
937.5373
65.4713
60.7308
167.1534
1444.5776
2709.5042
35.0617
30.8516
2643.1158
2637.5687
1302.1873
704.9458
2687.3048
2752.8644
85.6154
646.3919
2620.9937
1384.9186
88.9194
216.1270
95.3173
102.7319
1320.4419
2667.9673
2724.1344
158.8769
706.6144
682.8348
74.2560
100.0909
2781.0751
2678.4648
73.4162
118.3234
710.4156
620.9216
844.5294
138.0587
2612.1869
48.5869
108.8204
651.3644
1966.8669
672.9119
138.6444
2053.0016
2849.1652
2798.2247
2571.2908
1960.7673
69.5487
973.9912
164.6229
47.3382
147.4844
93.8919
103.8369
96.0908
125.9258
995.9918
781.2019
2670.1773
684.5033
114.8648
2737.6707
2697.2498
2643.3810
1379.9572
116.0029
138.6333
48.5979
2607.7669
673.4423
65.7144
17.9784
39.7358
237.8513
992.7983
877.1048
2674.0448
93.3283
122.6108
690.5698
755.5659
1318.7623
662.9779
100.8423
2625.9773
2727.1842
1262.3741
43.0619
123.7048
181.2090
2628.7508
91.6598
680.6358
728.6812
89661.1827
6622.9183
37878.3362
5549.4792
31225.7460
1703.5623
27511.9231
747.9271
247.1923
3880.9667
38837.7761
30464.2826
381.7072
34191.6306
8151.9679
8890.3145
6257.7597
71391.5233
1128.2318
20540.7553
13.7166
86193.0846
3299.8237
42680.2308
45566.5466
6448.3901
2999.7136
2513.8400
71945.7548
45032.4107
7789.3484
3941.9843
55385.6976
82333.7853
887.7396
5119.1939
84763.4917
464.6134
8466.7601
105120.5963
37918.4349
2582.6019
6023.0032
24319.3247
3221.3554
3545.2103
83688.5469
70647.8942
536.4421
9499.6932
38302.2962
4189.5184
40201.4956
37396.8269
7500.7972
20431.2251
2977.6751
6716.4600
42161.1515
57438.3505
30073.2818
1002.6022
11608.7002
52551.2556
3266.1292
27009.5818
32499.5684
30248.1231
56283.8576
22056.5111
32769.5599
46.7708
6801.9073
36.5890
43881.2636
5165.9648
806.2326
40164.5869
5259.3753
60715.3108
1243.7985
2897.0544
20080.8059
6456.1737
124249.4919
2101.7183
4832.0331
6348.3010
6503.0188
4978.8814
260.5556
5038.6715
34059.9241
8233.2964
32232.6049
57816.8187
31085.8753
5612.7444
20488.4432
28851.5720
28841.5767
46020.6635
907.7645
32330.1714
34245.7090
45531.3879
20427.8298
36755.8087
6361.8158
97248.3525
38214.3544
28752.3991
6682.8010
648.8136
48548.4345
1004.6492
105403.8246
35259.1507
50252.5833
5704.3864
5998.4787
12122.1325
137721.3102
2282.3775
6904.2580
7027.0992
45550.4042
7433.5936
2431.4304
34599.2485
1503.3447
6623.1044
32369.8581
32386.7012
29546.6473
17235.7851
820.7527
60662.2613
3269.0268
1360.6996
6809.2754
4047.1761
6442.7107
2517.7241
1917.1224
4472.7593
10059.7502
79362.9543
16.5750
8407.2676
32558.5611
126230.4180
21137.1745
31925.9214
8338.7018
48.8631
924.1336
646.3145
2661.9119
1339.7573
1278.9491
55.2058
211.3644
49.9902
84.9966
128.1248
2770.2682
134.3349
734.7698
2634.2869
2755.8479
89.4387
159.6173
1408.1347
114.3233
120.4229
110.4558
165.1533
1988.4254
658.5358
2670.7298
2859.5632
690.5919
106.5883
2665.1937
131.4619
222.4144
2743.7482
2719.4382
898.8733
2741.4940
2654.1548
1906.6554
734.2062
27.8681
32.0008
900.2546
1412.0022
1329.8233
2788.9316
175.5624
213.7512
123.6937
2706.1008
184.4798
1921.5508
680.0833
2656.3758
156.8658
70.6758
915.7577
2664.0887
2596.7058
2832.5018
2742.9084
1280.6508
71.0073
715.9737
1451.2407
1340.3319
703.8187
99.9694
668.7571
2724.8748
107.6823
1965.2094
845.6786
173.7834
2601.6894
2688.9844
2686.1998
817.1033
2666.3208
2703.8798
829.5677
2645.3258
884.9061
146.3794
65.7365
889.8897
141.3848
35.6031
2089.8423
44.4542
2849.6956
987.8037
2574.9042
2626.5519
679.5529
764.5606
1388.7419
1646.7565
329.3486
4077.4302
48613.3548
48913.0523
31960.0926
80819.7335
82982.2788
40948.2201
30968.7380
9443.2839
78716.4230
31019.4824
21491.2435
7042.9500
68874.5944
59065.2198
95241.7217
38778.5575
30542.4645
42.0784
30026.6667
27934.8672
28276.6044
49551.1142
40248.2376
3275.2751
44073.5516
55204.4412
80984.3252
1442.6050
12795.0677
1596.8668
501.5317
5130.5625
3927.9539
17308.0150
637.6578
2967.9795
67541.1313
40075.6082
3753.7147
46002.7963
2041.0494
28554.2630
8313.7261
79390.1264
36905.2095
4896.6806
9200.8296
57071.7654
37538.2569
63769.7650
32407.1459
6529.3767
62704.3022
63717.9354
87305.9280
246.7438
14263.5806
2613.7411
15693.3706
10899.0670
31476.8867
42012.6079
90884.1535
18.0227
39000.6712
37893.6701
11669.4618
11343.8389
8382.8894
24126.4587
110007.8727
43202.6078
23996.1226
21349.1017
3454.3269
10933.8392
5492.9726
7479.5695
2162.8364
4229.7190
31220.7357
27.4333
40356.6097
39850.2028
846.9289
1290.8559
82.3134
1151.2737
4256.6183
1567.3852
4145.0299
60357.7954
46118.4906
37938.4071
59351.9986
34417.6651
17315.9605
1690.8077
19974.4602
2371.4804
45190.4579
2327.7362
9949.3795
50649.0181
2067.5746
39047.2211
5683.6133
1181.8814
3109.4404
44755.0922
38928.9299
22445.3073
499.1464
52346.9382
3094.0954
1017.1494
459.3762
6997.0849
1932.4494
769.0642
2835.2631
50215.1755
7637.6847
4150.5624
71227.6778
631.6503
2507.6688
6165.7914
820.9428
439.2319
1755.0278
393.6108
2570.2526
41932.3808
28342.7186
1039.7348
8311.7639
26.5252
65070.2422
81029.9462
1839.6321
28032.3411
30697.9752
77366.2553
2390.2882
63203.5232
2803.9107
41274.2849
40002.3971
4874.6478
2670.7077
140.2577
55.5042
94.9637
944.1894
2595.6008
640.3033
2666.8954
60.7419
893.9008
629.8169
968.3447
2736.5657
656.3258
687.2658
2786.0476
656.3479
2653.6023
956.8748
2702.7637
1281.4796
111.5387
2712.7419
690.0283
2680.7300
1450.6661
2561.3016
2659.6798
637.5298
783.7323
72.8858
2613.5792
2750.2677
722.0733
2653.1161
710.4598
151.3298
948.6094
2027.6419
2701.6808
2716.0348
733.6758
753.5216
2674.0558
940.2998
954.6648
103.8258
1429.1297
145.8048
2596.6616
913.2383
916.0119
1977.3423
1922.1033
182.5681
46.3548
2650.3204
59.9463
2808.7332
623.5073
210.2484
145.2633
752.4387
2725.2173
2659.6577
691.1444
615.7723
643.3973
929.6476
117.0748
697.1887
2820.8661
1564.4369
802.5284
657.4419
1359.1058
2836.3140
677.3098
657.3866
2616.5516
1330.9283
108.8315
2742.6542
751.8752
106.5662
107.1408
835.6673
2582.6723
1972.3808
103.2954
713.7748
867.7786
80.5877
168.2584
120.3898
2783.4729
25.6581
2011.0448
2677.9454
2608.8608
800.5394
991.6712
2641.9998
2734.8087
2634.5963
1347.4923
79.5158
135.1305
168.2694
38.5866
32800.2437
7766.7536
29134.2645
1630.9361
23819.9291
3028.0122
44204.2535
3932.5328
34339.4268
59329.3078
36.0788
106406.1069
36884.9181
72.9167
55317.9431
69743.9973
41890.9703
680.3498
63259.6482
3421.9186
45103.1460
31614.6205
14017.7399
64738.3687
79741.4859
2111.7451
93.5417
25580.1364
420.9373
2465.1191
10484.8189
31739.9752
16642.2098
26359.9434
9087.2794
8518.3702
5299.0213
3199.1409
31893.8131
28099.2908
47038.3842
26747.2961
120.9132
5001.7686
23967.9830
1737.5785
39821.3942
14056.2268
759.8911
64663.4261
25246.7825
27393.2305
29871.0568
201.2336
16245.6329
11402.2925
35865.4706
15448.5466
5759.8414
25431.4172
21129.4404
15511.8488
29633.4980
2307.0880
16411.4191
61866.5725
1586.1637
3671.4629
57796.7618
29503.7979
3288.0738
419.7041
763.4144
9056.4518
9694.8938
187.0833
10843.6024
12215.8933
42.4339
622.9468
33341.3622
28235.6732
14652.6336
30081.9230
677.8762
693.9069
112.6548
140.2798
92.2344
132.0033
2685.0727
2630.9498
664.5912
126.4894
729.2337
2720.5432
1297.2258
1280.0983
123.1412
681.6856
226.8123
2784.5227
87.2619
121.5169
2708.8412
2679.5919
2685.6362
134.7437
2645.3148
2681.7798
24.5973
707.1448
171.3634
173.8055
982.7760
733.6648
722.6369
156.8437
736.9687
729.2558
1045.8273
2657.4698
2663.5252
2715.0182
2719.3940
140.8544
2588.9377
78.3998
172.0706
162.3798
2659.6687
2640.9279
159.0758
153.0204
718.7694
968.4773
1428.5551
2770.5886
2658.6300
2005.5198
110.0249
91.1294
123.1523
2617.7119
2792.9096
88.3448
719.2998
65.1398
68.8084
128.6883
897.7241
2766.1023
2618.0102
2683.2605
669.5748
632.0158
2795.5727
32.3323
2680.6527
1897.5723
2646.4198
171.7944
869.1599
112.0912
648.0383
900.3540
1405.2948
233.8541
213.0271
16320.0412
36462.0801
9603.2674
2298.3776
8870.2036
21804.9120
4354.9300
97928.6039
38158.2153
36926.2702
8597.3540
1872.1746
41759.9533
986.9402
5344.1245
447.8219
20773.2919
4737.2239
41.9632
101.6578
3818.3914
13575.9101
5097.5511
54.8801
24943.7379
56910.8708
5306.2772
36193.2559
13108.1725
40165.5961
27064.6434
54627.2786
3428.3862
3334.8445
151.8522
331.1446
4663.2195
3252.1831
1722.8849
4983.5748
22192.7618
976.6267
4838.5690
36374.5943
82277.6458
30135.1644
28606.4332
19847.7814
7228.3577
50565.4204
5259.5063
43744.3319
24230.6056
24717.5962
23870.7513
6229.2392
727.4904
1922.7393
11150.4325
1303.1901
456.4723
33337.4894
11467.1892
1878.8234
382.2621
3475.1570
1641.3077
27028.2108
82495.6988
23980.1426
1550.4952
50306.0005
181.3697
327.3958
27048.6756
37870.2333
3908.8857
26982.9756
67693.5470
27524.0365
813.3820
51276.5232
31689.5394
19359.9328
11086.3268
5227.4820
27803.5904
44916.5558
91987.8901
25698.4051
10105.0594
11305.5715
88.2928
32231.9310
596.8230
3849.3235
3194.5321
10674.6408
17268.8111
28615.5024
61861.1126
2205.2866
5652.7858
10910.1265
28301.6461
12136.1446
30299.5427
26533.9959
27804.1488
51813.4900
12996.5933
1501.1024
61204.9618
2112.2094
2032.4270
7557.3538
31201.1748
24250.4352
4343.7797
44343.1678
1506.1133
4052.2132
6072.6121
4888.3283
3507.6422
10667.1295
8652.4469
1823.8160
30503.4453
27208.8483
40606.7267
74774.1836
43415.6673
121823.1946
53409.9914
1057.9451
10342.9152
7799.2470
30032.4601
117907.1665
27965.3789
97.1958
41.3602
923.0176
2615.4798
2637.8671
944.1673
120.9644
2657.4919
2674.5973
35.2716
55.1395
2617.6898
168.4794
59.6258
41.1171
216.8784
130.9315
2646.3535
838.2751
953.5598
2830.2586
2723.0073
2651.1492
2696.1779
909.9233
99.4058
2669.0833
901.0612
2599.2584
191.1429
2741.8144
665.1548
2629.8448
2606.9602
1407.0186
649.6516
121.5058
120.4008
754.6266
2758.3673
1391.0072
636.1596
1385.7584
2683.4483
2860.1047
873.2926
52.2113
153.5619
226.0609
82.8308
61.7806
2654.1658
1319.3148
178.5570
71.7477
932.5869
924.2662
1323.7569
157.9819
112.1023
2681.7687
757.4444
109.1453
2660.1991
84.8678
13183.2788
2735.1353
30071.8855
36923.8462
34047.5926
24786.1285
76363.0887
15286.2238
59608.8694
4939.0887
5212.7355
66718.7431
27888.1399
5045.1713
21738.8215
23488.3347
6122.4885
24124.8030
73885.9783
50869.3758
22074.9404
28858.0428
46184.1256
44239.8969
9864.2213
3162.9482
25018.4034
40977.5776
12074.2815
1380.1320
132.5735
16945.7032
36853.4516
1039.1421
63426.4562
404.6346
14132.4508
33304.4341
4791.7982
59214.0859
53045.5538
60244.0493
6954.9037
4224.4187
12.0152
26324.3267
77468.3832
41574.4188
14139.9572
16316.6446
5636.4700
126.2352
13530.5025
42248.1935
5751.9518
27699.2314
31172.4871
27290.9456
29442.0448
22999.9623
32586.9438
5499.0027
84.1568
44207.0155
59404.9998
30090.8774
21555.0831
60273.9588
26077.8395
121.6384
32843.9495
29381.8133
19331.3761
12810.1665
31627.1532
3381.6154
25736.0283
66120.6124
9983.2209
28032.4201
3288.2421
23693.1448
37191.0792
140.3124
35254.3279
5445.4632
71637.5464
5750.7313
1322.2843
144.7599
22717.2296
253.4914
47910.7253
7820.2379
12490.9455
33015.5527
37118.8347
1784.3493
62804.8831
14686.8554
1580.0893
10354.5547
42485.6900
1777.0820
32325.7194
31835.8602
58762.7127
199.3925
6913.1558
19253.8501
511.9482
7294.2911
1161.6591
3921.7364
3522.4051
6079.0624
2505.2076
1522.7164
65579.7239
24947.3133
7489.5662
14687.3203
15518.6300
54366.0901
1650.2415
26793.7945
1812.6171
45491.0628
495.2855
6809.6892
2579.3352
1938.6783
2767.3952
2645.8673
2765.8482
2709.4048
1964.6348
674.0169
2629.0823
52.3991
734.7035
149.0977
2803.7386
922.0783
1920.4016
2781.3071
2669.0944
173.0320
2046.7473
235.3540
109.3619
159.4184
695.5423
57.4269
2705.0842
217.6077
2758.6657
171.2198
1323.1381
163.2859
2782.6663
2634.2648
1369.1724
922.0894
1427.4501
136.4123
923.1723
2637.5798
80.0573
2801.0977
905.9122
744.7369
234.2158
701.6308
2819.1865
1436.3122
2669.6137
667.3869
667.9283
2708.6534
673.9395
211.9059
65.4381
110.3895
2663.0169
906.4426
678.4148
148.6888
712.6808
22.0669
1467.7936
2746.7906
574.4125
958.5433
2631.5023
89.0299
623.4521
44393.2159
32721.9150
8431.0114
44818.9618
1956.5124
1560.4028
79545.0404
6369.2493
39660.6632
423.7857
66148.9905
36529.0479
27045.2575
60603.5735
25031.6535
641.7458
31319.8940
33235.1423
71870.6067
47520.5830
74857.3005
29784.5606
659.5408
35601.6312
484.6233
13290.1645
83955.4920
4939.8700
40302.7255
10859.3035
1213.3811
58591.5352
4885.3824
62443.3527
70791.2390
103227.0017
114535.5552
50586.5516
219.5477
64658.0030
130907.0496
7263.4634
94.0311
4457.0425
4097.5079
274.4617
6982.4447
914.6239
47216.7035
8176.4534
93410.8386
14544.5022
6606.6215
3568.6986
59505.4375
56733.4964
71215.3607
2036.9284
64488.2624
38512.1894
977.6230
35062.5567
841.1599
8752.0024
793.1733
5796.8276
9393.3747
33811.2277
2155.1324
2705.2733
26753.1995
34505.3217
41445.5381
404.4207
573.7068
46625.1005
31219.2619
30759.4471
41505.9586
140.2687
2609.9548
59.9021
639.7508
2649.6906
944.5761
937.0069
224.5581
939.5815
2780.7767
717.6533
2632.0437
1363.5258
694.4373
1374.0123
890.9836
2623.2258
129.9259
2671.8458
918.6086
2665.2048
698.8573
883.3591
288.8249
732.5598
159.6615
62.9298
929.8133
2636.4637
724.8137
2701.1173
905.3376
724.2723
105.6049
2778.6441
728.6923
854.8612
1988.9448
184.3472
959.1069
2833.1206
972.8862
2700.5648
66.2116
1934.2694
2696.1669
135.8598
2694.5204
983.2290
874.5744
99.3506
2615.7560
922.4651
7781.2934
155.2194
1382.9657
5736.3009
437.6905
36285.2767
26258.8173
6956.5023
29507.5832
974.1472
32401.5732
3223.0284
20489.6678
6125.9279
6750.5720
37338.2108
613.2942
55992.0957
7851.3513
21441.0704
4261.0504
68826.1277
29134.9920
37077.8601
13855.9764
4510.5380
37745.0832
27146.0038
4234.3370
29451.6566
77853.7189
822.8495
1050.7535
68864.1156
36743.4875
13228.1559
721.7197
68667.3663
2267.0082
29637.9786
2443.0742
93966.6591
493.4876
650.4898
76799.6613
34947.9956
15292.3888
39835.3914
7226.9529
1924.6618
37870.6310
21347.0131
36782.2298
39488.5086
56792.4206
3761.0555
900.7209
94544.5399
2326.4646
48193.9576
82.3338
20340.8201
35965.7889
12397.1300
47023.0049
34885.0758
36073.4357
13447.4354
1753.9770
3447.5666
105415.7003
1087.9525
2049.7675
11143.4649
64195.7045
3873.6396
374.1665
26890.6676
28760.1672
6865.5551
3140.3786
22928.3665
2210.6752
3741.6253
5828.2644
850.6269
1084.6930
1191.5525
5695.2197
5973.6456
2713.1986
2370.9720
1554.9229
40252.1980
2047.8589
69323.6906
15559.8489
6928.8240
7986.4456
6822.2893
119641.1984
32838.1649
4347.1867
54747.0981
23337.0250
4172.2448
39568.4597
3284.9879
37874.2226
55900.0851
57694.8654
28600.0992
2160.8660
36537.8887
19947.7588
31222.4265
38762.0140
1680.4691
126514.9931
60965.9531
56578.0186
366.3005
122916.4563
45386.5379
1683.4131
5483.8503
8523.6241
49758.7821
6561.3368
29340.6928
40051.3228
71861.7017
9042.1251
71.3483
46884.3917
5700.1871
837.6161
8028.5696
133.6233
1144.2757
2787.7600
86486.9780
259.0285
34987.5986
92654.5975
280.2803
34468.4705
18358.6255
4027.1879
238.6358
133.6498
982.8865
633.6291
1018.5559
1256.1198
915.4262
2641.9777
699.9623
2698.7194
759.9748
1007.1744
1463.3736
1435.1961
2635.3919
2618.2423
97.7041
738.6483
696.1169
2642.5523
2765.0084
1292.8169
85.0187
2714.1894
1391.2724
182.6123
2688.3987
953.5929
723.7198
112.6437
122.5998
2786.0034
188.1042
2690.5866
957.2726
2701.6366
630.9108
1323.1823
164.0373
2657.4256
115.9698
59.6369
995.5387
1340.3098
129.2298
686.1498
678.9673
2696.7194
911.9565
112.6658
74.3334
155.1973
139.1527
678.9894
55.2279
2861.2981
148.0479
898.8844
1976.8008
924.7856
921.1391
2848.5906
1210.3208
218.2905
23.4923
1971.5182
1260.3039
39933.1824
33956.9704
24838.5770
37497.4457
74488.5028
101268.2686
33281.1855
4036.4068
32364.5000
1537.2045
4590.6737
22501.8686
57368.8253
73045.0853
35147.0619
53899.6626
73316.5808
33969.1642
19340.6042
31535.7696
40340.2721
35527.8475
36878.2723
1767.2333
65263.2967
16633.4378
556.4186
36122.4266
3177.2754
2898.9641
29600.9072
10849.2091
6288.2405
1046.7818
3204.2154
583.8655
51617.2219
34402.4145
58129.9601
4934.8270
26650.8872
2339.7708
96332.5002
4214.3344
33518.1337
7950.3239
44342.0588
33571.1370
46817.7044
32707.0753
59770.9041
1953.5803
60662.8527
74039.5290
33942.9160
12904.7238
64129.7735
1199.9169
93791.2050
6602.9090
41281.1519
38488.8510
2142.0401
101382.7138
14147.5020
21768.4960
8909.0361
43002.1118
8916.6645
3974.9062
31448.9008
563.5345
31693.1349
12980.3334
7475.6009
1344.8075
3126.1921
31948.3043
242.3241
36484.6840
1601.7779
1617.2945
1915.3756
6813.7989
2307.3564
35854.3241
41294.9798
35874.1189
43136.2284
582.4546
32575.8900
4128.4977
4893.6884
29946.7447
10130.5103
2182.6819
33193.6326
46719.7052
79038.3895
247.1636
45406.5428
11917.0684
59966.6958
2109.8524
6838.1597
2394.2145
67670.3840
4048.1156
65137.8010
397.3257
56556.6014
2373.8783
6950.3141
713.9382
6192.7327
3372.8028
7033.6775
2212.2266
1957.2993
1673.5063
42.0530
64254.7354
2840.1112
613.2033
107.2956
3313.7172
6099.4268
954.8116
2508.1016
687.5269
32258.3107
264.2032
6230.4700
89908.8786
1318.4382
83485.5786
553.9452
3591.1560
3896.5718
40135.0959
33422.5611
38351.3282
90602.7588
38394.4727
3521.9279
75686.7028
707.6973
1906.3571
2673.4812
288.2503
940.1451
875.6241
2828.1591
1428.0247
2678.4758
132.5337
73.9687
54.3881
894.4644
49.6919
177.3083
1378.9958
2742.6432
2678.4979
924.2773
2741.4056
159.0869
2838.6566
948.5983
935.3383
2019.8737
2686.7412
90.5658
67.3498
1451.7601
2813.6726
1489.3080
2668.5308
2647.5137
2640.3533
2629.3254
2689.5258
713.7637
197.7729
56.2887
885.4697
2694.4873
109.3398
2670.1552
2802.8767
682.7906
2807.0757
2651.9448
2712.7529
629.7616
2692.2773
149.6833
2087.3119
203.6073
2662.9948
141.9594
161.8052
124.2794
134.2023
145.2412
130.8983
215.1656
229.0444
153.5508
227.9063
128.0916
135.2631
205.4969
113.7598
272.3273
18.7187
149.4292
209.9169
