2
4
8
15
28
35
45
54
61
71
74
80
87
93
97
106
113
119
132
136
138
139
145
152
158
171
175
177
184
191
197
201
210
223
236
238
249
253
262
268
275
279
281
282
288
294
303
307
308
314
316
321
327
331
333
340
346
353
360
366
373
379
381
385
392
396
398
405
407
409
411
418
424
431
444
448
457
464
470
477
483
496
503
509
522
535
548
550
552
555
561
578
587
594
613
626
628
639
641
643
652
656
659
665
672
678
680
691
693
704
710
711
717
723
730
736
737
743
747
756
763
769
773
782
784
789
795
797
799
801
808
810
815
821
823
825
827
828
834
847
854
864
873
880
892
899
906
912
918
919
925
951
964
971
977
981
990
1003
1009
1016
1023
1029
1036
1042
1044
1046
1062
1068
1074
1075
1081
1083
1088
1094
1098
1100
1107
1113
1127
1133
1140
1146
1148
1150
1152
1153
1163
1166
1185
1191
1192
1198
1200
1204
1205
1211
1217
1224
1237
1250
1257
1263
1276
1283
1289
1296
1302
1306
1309
1315
1322
1328
1332
1335
1341
1348
1354
1358
1367
1382
1384
1393
1406
1419
1423
1432
1436
1445
1449
1452
1465
1471
1473
1484
1486
1490
1491
1514
1523
1536
1542
1543
1549
1556
1562
1564
1566
1569
1575
1579
1592
1601
1603
1605
1627
1631
1640
1642
1653
1657
1659
1666
1670
1672
1679
1683
1686
1692
1696
1705
1709
1718
1722
1724
1731
1744
1751
1757
1761
1763
1764
1770
1776
1777
1783
1796
1809
1813
1822
1824
1835
1841
1848
1855
1861
1863
1867
1874
1887
1889
1900
1904
1906
1913
1926
1928
1941
1946
1952
1956
1965
1971
1972
1978
1984
1991
1993
1997
2004
2006
2008
2011
2017
2023
2024
2030
2036
2043
2047
2056
2060
2069
2073
2082
2084
2086
2088
2095
2102
2121
2127
2141
2147
2149
2154
2160
2164
2166
2167
2173
2177
2180
2186
2190
2199
2212
2218
2219
2225
2227
2231
2232
2238
2242
2244
2251
2253
2258
2264
2266
2268
2271
2277
2284
2290
2292
2303
2309
2316
2333
2342
2344
2346
2348
2349
2355
2359
2362
2368
2372
2381
2385
2388
2394
2396
2405
2410
2416
2418
2421
2432
2440
2451
2460
2465
2471
2482
2484
2493
2504
2506
2509
2515
2517
2531
2537
2542
2548
2553
2559
2561
2570
2581
2586
2592
2597
2603
2605
2608
2614
2619
2625
2627
2647
2649
2658
2669
2674
2680
2691
2702
2713
2715
2718
2724
2735
2737
2740
2746
2751
2757
2759
2768
2773
2779
2781
2784
2790
2792
2795
2801
2812
2817
2823
2828
2834
2836
2839
2845
2847
2858
2872
2878
2883
2889
2900
2911
2924
2933
2935
2944
2955
2966
2968
2971
2977
2988
2990
2999
3010
3012
3023
3032
3043
3045
3054
3065
3070
3076
3098
3100
3103
3109
3120
3131
3133
3144
3153
3158
3164
3175
3186
3197
3208
3210
3219
3224
3235
3241
3252
3254
3263
3268
3274
3276
3285
3296
3301
3307
3318
3320
3323
3340
3345
3351
3362
3373
3375
3384
3386
3395
3406
3408
3411
3417
3439
3441
3450
3455
3463
3472
3477
3483
3494
3496
3505
3507
3516
3518
3538
3540
3543
3549
3551
3560
3562
3571
3573
3593
3604
3615
3617
3626
3637
3648
3659
3664
3670
3681
3683
3692
3694
3703
3705
3708
3714
3716
3725
3727
3736
3747
3749
3760
3769
3774
3780
3791
3796
3802
3804
3813
3818
3824
3835
3837
3840
3846
3857
3859
3868
3879
3881
3890
3892
3895
3901
3903
3912
3923
3928
3934
3945
3950
3956
3958
3967
3978
3989
3994
4000
4011
4033
4055
4057
4060
4066
4068
4071
4077
4079
4088
4090
4093
4099
4110
4112
4121
4132
4137
4143
4154
4159
4165
4176
4178
4187
4192
4198
4209
4222
4231
4233
4242
4253
4255
4258
4264
4275
4277
4286
4297
4299
4302
4308
4324
4330
4335
4341
4343
4352
4354
4363
4365
4368
4374
4385
4387
4389
4390
4401
4407
4409
4418
4420
4423
4429
4431
4434
4440
4445
4451
4453
4462
4464
4467
4473
4484
4489
4495
4500
4506
4511
4517
4522
4528
4530
4541
4550
4561
4563
4572
4574
4583
4585
4594
4596
4605
4607
4610
4616
4632
4638
4643
4649
4651
4660
4665
4671
4676
4682
4693
4698
4704
4706
4709
4715
4720
4726
4728
4730
4731
4737
4742
4748
4753
4759
4761
4772
4775
4781
4783
4786
4792
4794
4797
4803
4805
4808
4814
4819
4825
4836
4838
4847
4849
4858
4863
4869
4874
4880
4882
4885
4902
4904
4913
4918
4924
4926
4935
4940
4946
4951
4957
4962
4968
4973
4979
4984
4990
4995
5001
5006
5012
5014
5017
5034
5045
5047
5050
5056
5058
5061
5069
5072
5078
5083
5089
5094
5100
5105
5116
5122
5127
5144
5146
5149
5155
5160
5166
5171
5177
5182
5188
5199
5204
5210
5215
5221
5223
5232
5234
5237
5243
5254
5265
5276
5281
5289
5298
5309
5311
5320
5325
5331
5336
5342
5344
5347
5366
5375
5377
5380
5386
5388
5391
5397
5399
5401
5402
5408
5413
5419
5435
5441
5452
5463
5474
5476
5479
5490
5496
5501
5507
5509
5518
5523
5529
5534
5540
5551
5556
5562
5567
5584
5595
5597
5600
5606
5608
5611
5617
5622
5630
5633
5639
5644
5650
5652
5655
5661
5672
5677
5683
5694
5699
5705
5716
5727
5732
5738
5740
5742
5743
5749
5760
5762
5765
5782
5793
5798
5804
5815
5817
5820
5826
5837
5842
5848
5853
5859
5864
5870
5897
5903
5908
5914
5919
5925
5941
5947
5960
5963
5969
5974
5980
5991
5996
6002
6007
6013
6018
6024
6026
6029
6035
6037
6040
6046
6051
6057
6062
6068
6070
6073
6079
6084
6090
6095
6101
6112
6114
6123
6125
6128
6134
6139
6145
6147
6150
6156
6161
6167
6172
6178
6180
6183
6189
6194
6200
6205
6211
6222
6227
6233
6235
6244
6249
6255
6260
6266
6277
6279
6282
6288
6293
6299
6301
6304
6310
6312
6315
6321
6326
6332
6337
6343
6345
6348
6354
6356
6359
6365
6367
6370
6376
6378
6381
6387
6392
6398
6403
6409
6411
6413
6414
6420
6425
6431
6433
6436
6442
6447
6453
6455
6458
6464
6475
6480
6486
6491
6497
6508
6510
6519
6524
6530
6535
6541
6546
6552
6557
6563
6568
6574
6576
6579
6585
6590
6596
6598
6601
6607
6612
6618
6623
6629
6640
6642
6645
6651
6656
6662
6667
6673
6684
6689
6695
6700
6706
6717
6722
6728
6739
6741
6750
6752
6754
6755
6761
6766
6772
6777
6783
6785
6788
6794
6796
6799
6805
6807
6810
6816
6818
6827
6832
6838
6843
6849
6851
6854
6860
6865
6871
6876
6882
6887
6893
6898
6904
6906
6915
6917
6920
6926
6931
6937
6942
6948
6953
6959
6964
6970
6975
6981
6986
6992
7003
7005
7008
7014
7019
7025
7030
7036
7041
7047
7058
7060
7063
7069
7071
7074
7080
7091
7102
7104
7107
7113
7124
7129
7135
7140
7146
7157
7159
7168
7173
7179
7181
7184
7190
7195
7201
7206
7212
7214
7217
7223
7228
7234
7236
7239
7245
7247
7250
7256
7261
7267
7272
7278
7280
7289
7294
7300
7305
7313
7316
7322
7327
7333
7335
7344
7346
7349
7355
7360
7366
7368
7371
7377
7379
7388
7393
7399
7401
7403
7404
7410
7412
7415
7421
7426
7432
7434
7437
7443
7448
7454
7459
7465
7476
7481
7487
7492
7498
7500
7509
7514
7520
7531
7533
7536
7542
7553
7558
7564
7569
7575
7580
7586
7591
7597
7608
7610
7624
7630
7641
7646
7652
7657
7663
7668
7674
7676
7679
7685
7690
7696
7701
7707
7718
7723
7729
7731
7733
7734
7740
7742
7745
7751
7756
7762
7764
7767
7773
7778
7784
7786
7789
7795
7797
7800
7806
7811
7817
7819
7828
7833
7839
7841
7844
7850
7855
7861
7866
7872
7877
7883
7888
7894
7905
7910
7916
7927
7932
7938
7943
7949
7954
7960
7962
7965
7971
7976
7982
7984
7987
7993
7995
7998
8004
8006
8015
8017
8026
8028
8037
8039
8048
8053
8059
8061
8064
8070
8072
8075
8081
8086
8092
8097
8103
8114
8125
8127
8136
8138
8141
8147
8152
8158
8169
8174
8180
8191
8196
8202
8213
8218
8224
8229
8235
8246
8251
8257
8262
8273
8279
8281
8284
8290
8295
8301
8312
8323
8334
8339
8345
8350
8356
8361
8367
8378
8389
8391
8394
8400
8402
8404
8405
8411
8413
8416
8422
8427
8433
8435
8438
8444
8446
8449
8455
8460
8466
8468
8471
8477
8482
8488
8490
8493
8499
8504
8510
8515
8521
8526
8532
8534
8537
8545
8548
8554
8556
8559
8565
8567
8570
8576
8578
8581
8587
8592
8598
8603
8609
8611
8614
8620
8625
8631
8633
8636
8642
8647
8653
8655
8658
8664
8669
8675
8680
8686
8688
8691
8697
8702
8708
8710
8713
8719
8724
8730
8735
8741
8743
8745
8746
8752
8754
8757
8763
8765
8768
8774
8776
8779
8785
8787
8790
8796
8798
8801
8807
8809
8812
8818
8820
8823
8829
8831
8834
8840
8842
8851
8853
8856
8862
8864
8867
8873
8875
8878
8884
8886
8889
8895
8897
8900
8906
8908
8911
8917
8919
8922
8928
8930
8933
8939
8941
8944
8950
8952
8955
8961
8963
8966
8972
8974
8977
8983
8985
8988
8994
8996
8999
9005
9007
9010
9016
9018
9021
9027
9029
9032
9038
9040
9043
9049
9051
9054
9060
9062
9065
9071
9073
9076
9082
9084
9086
9087
9093
9095
9098
9104
9106
9109
9115
9117
9120
9126
9128
9131
9137
9139
9142
9148
9150
9153
9159
9161
9164
9170
9172
9175
9181
9183
9186
9192
9194
9197
9203
9205
9208
9214
9216
9219
9225
9227
9230
9236
9238
9241
9247
9249
9252
9258
9260
9263
9269
9271
9274
9280
9282
9285
9291
9293
9296
9302
9304
9307
9313
9315
9318
9324
9326
9329
9335
9337
9340
9346
9348
9351
9357
9359
9362
9368
9370
9373
9379
9381
9384
9390
9392
9395
9401
9403
9406
9412
9414
9416
9417
9423
9425
9428
9434
9436
9439
9445
9447
9450
9456
9458
9461
9467
9469
9472
9478
9480
9483
9489
9491
9494
9500
9502
9505
9511
9513
9516
9522
9524
9527
9533
9535
9538
9544
9546
9549
9555
9557
9560
9566
9568
9571
9577
9579
9582
9588
9590
9593
9599
9601
9604
9610
9612
9615
9621
9623
9626
9632
9634
9637
9643
9645
9648
9654
9656
9659
9665
9667
9670
9676
9678
9681
9687
9689
9692
9698
9700
9703
9709
9711
9714
9720
9722
9725
9731
9733
9736
9742
9744
9747
9753
9755
9757
9758
9764
9766
9769
9775
9777
9786
9788
9791
9797
9799
9802
9808
9810
9813
9819
9821
9824
9830
9832
9835
9841
9843
9846
9852
9854
9857
9863
9865
9868
9874
9876
9879
9885
9887
9890
9896
9898
9901
9907
9909
9912
9918
9920
9923
9929
9931
9934
9940
9942
9945
9951
9953
9956
9962
9964
9967
9973
9975
9978
9984
9986
9989
9995
9997
10000
10006
10008
10011
10017
10019
10022
10028
10030
10033
10039
10041
10044
10050
10052
10055
10061
10063
10066
10072
10074
10077
10083
10085
10087
10088
10094
10096
10099
10105
10107
10110
10116
10118
10121
10127
10129
10132
10138
10140
10143
10149
10151
10154
10160
10162
10165
10171
10173
10176
10182
10184
10187
10193
10195
10198
10204
10206
10209
10215
10217
10220
10226
10228
10231
10237
10239
10242
10248
10250
10253
10259
10261
10264
10270
10272
10275
10281
10283
10286
10292
10294
10297
10303
10305
10308
10314
10316
10319
10325
10327
10330
10336
10338
10341
10347
10349
10352
10358
10360
10363
10369
10371
10374
10380
10382
10385
10391
10393
10396
10402
10404
10407
10413
10415
10418
10424
10426
10428
10429
10435
10437
10440
10446
10448
10451
10457
10459
10462
10468
10470
10473
10479
10481
10484
10490
10492
10495
10501
10503
10506
10512
10514
10517
10523
10525
10528
10534
10536
10539
10545
10547
10550
10556
10558
10561
10567
10569
10572
10578
10580
10583
10589
10591
10594
10600
10602
10605
10611
10613
10616
10622
10624
10627
10633
10635
10638
10644
10646
10649
10655
10657
10660
10666
10668
10671
10677
10679
10682
10688
10690
10693
10699
10701
10704
10710
10712
10715
10721
10723
10726
10732
10734
10737
10743
10745
10748
10754
10756
10759
10765
10767
10769
10770
10776
10778
10781
10787
10789
10792
10798
10800
10803
10809
10811
10814
10820
10822
10825
10831
10833
10836
10842
10844
10847
10853
10855
10858
10864
10866
10869
10875
10877
10880
10886
10888
10891
10897
10899
10902
10908
10910
10913
10919
10921
10924
10930
10932
10935
10941
10943
10946
10952
10954
10957
10963
10965
10968
10974
10976
10979
10985
10987
10990
10996
10998
11001
11007
11009
11012
11018
11020
11023
11029
11031
11034
11040
11042
11045
11051
11053
11056
11062
11064
11067
11073
11075
11077
11078
11084
11086
11088
11089
11095
11097
11100
11106
11108
11111
11117
11119
11122
11128
11130
11133
11139
11141
11144
11150
11152
11155
11161
11163
11166
11172
11174
11177
11183
11185
11188
11194
11196
11199
11205
11207
11210
11216
11218
11221
11227
11229
11232
11238
11240
11243
11249
11251
11254
11260
11262
11265
11271
11273
11276
11282
11284
11287
11293
11295
11298
11304
11306
11309
11315
11317
11320
11326
11328
11331
11337
11339
11342
11348
11350
11353
11359
11361
11364
11370
11372
11375
11381
11383
11386
11392
11394
11397
11403
11405
11408
11414
11416
11418
11419
11425
11427
11429
11430
11436
11438
11441
11447
11449
11452
11458
11460
11463
11469
11471
11474
11480
11482
11485
11491
11493
11496
11502
11504
11507
11513
11515
11518
11524
11526
11529
11535
11537
11540
11546
11548
11551
11557
11559
11562
11568
11570
11573
11579
11581
11584
11590
11592
11595
11601
11603
11606
11612
11614
11617
11623
11625
11628
11634
11636
11639
11645
11647
11650
11656
11658
11661
11667
11669
11672
11678
11680
11683
11689
11691
11694
11700
11702
11705
11711
11713
11716
11722
11724
11727
11733
11735
11738
11744
11746
11748
11749
11755
11757
11759
11760
11766
11768
11771
11777
11779
11782
11788
11790
11793
11799
11801
11804
11810
11812
11815
11821
11823
11826
11832
11834
11837
11843
11845
11848
11854
11856
11859
11865
11867
11870
11876
11878
11881
11887
11889
11892
11898
11900
11903
11909
11911
11914
11920
11922
11925
11931
11933
11936
11942
11944
11947
11953
11955
11958
11964
11966
11969
11975
11977
11980
11986
11988
11991
11997
11999
12002
12008
12010
12013
12019
12021
12024
12030
12032
12035
12041
12043
12046
12052
12054
12057
12063
12065
12068
12074
12076
12079
12085
12087
12089
12090
12096
12098
12100
12101
12107
12109
12112
12118
12120
12123
12129
12131
12134
12140
12142
12145
12151
12153
12156
12162
12164
12167
12173
12175
12178
12184
12186
12189
12195
12197
12200
12206
12208
12211
12217
12219
12222
12228
12230
12233
12239
12241
12244
12250
12252
12255
12261
12263
12266
12272
12274
12277
12283
12285
12288
12294
12296
12299
12305
12307
12310
12316
12318
12321
12327
12329
12332
12338
12340
12343
12349
12351
12354
12360
12362
12365
12371
12373
12376
12382
12384
12387
12393
12395
12398
12404
12406
12409
12415
12417
12420
12426
12428
12431
