28000.0000
7000.0000
91000.0000
140000.0000
70000.0000
154000.0000
107000.0000
58000.0000
263000.0000
116000.0000
84000.0000
187000.0000
367000.0000
556000.0000
502000.0000
550000.0000
1429000.0000
1324000.0000
729000.0000
1194000.0000
1575000.0000
1218000.0000
849000.0000
869000.0000
637000.0000
781000.0000
665000.0000
639000.0000
1355000.0000
1009000.0000
860000.0000
1021000.0000
1525000.0000
1276000.0000
894000.0000
1124000.0000
565000.0000
872000.0000
846000.0000
952000.0000
1600000.0000
1352000.0000
839000.0000
1369000.0000
1171000.0000
971000.0000
714000.0000
947000.0000
244000.0000
356000.0000
266000.0000
341000.0000
542000.0000
329000.0000
239000.0000
418000.0000
507000.0000
453000.0000
280000.0000
390000.0000
669000.0000
917000.0000
780000.0000
802000.0000
734000.0000
647000.0000
571000.0000
572000.0000
950000.0000
675000.0000
538000.0000
686000.0000
165000.0000
469000.0000
264000.0000
301000.0000
210000.0000
226000.0000
190000.0000
224000.0000
319000.0000
450000.0000
343000.0000
460000.0000
549000.0000
473000.0000
493000.0000
1034000.0000
813000.0000
470000.0000
555000.0000
935000.0000
684000.0000
614000.0000
724000.0000
525000.0000
767000.0000
583000.0000
496000.0000
452000.0000
288000.0000
247000.0000
1051000.0000
707000.0000
569000.0000
830000.0000
353000.0000
267000.0000
483000.0000
151000.0000
284000.0000
631000.0000
372000.0000
234000.0000
403000.0000
321000.0000
281000.0000
304000.0000
516000.0000
380000.0000
454000.0000
497000.0000
132000.0000
40000.0000
26000.0000
478000.0000
389000.0000
399000.0000
421000.0000
93000.0000
15000.0000
33000.0000
110000.0000
184000.0000
324000.0000
1000.0000
728000.0000
566000.0000
366000.0000
627000.0000
1898000.0000
1262000.0000
938000.0000
1279000.0000
1506000.0000
1419000.0000
883000.0000
1329000.0000
593000.0000
409000.0000
217000.0000
404000.0000
1057000.0000
908000.0000
