1.0000
1.5491
1.9379
1.4641
8.2781
1.8967
0.9697
6.3611
0.6183
104.9100
9.3740
3.7507
634.5099
1.5559
1.9339
1.4661
1.8924
0.9676
6.3468
0.6166
105.7000
9.3949
634.2500
1.5592
1.9359
1.4672
1.8796
0.9610
6.3041
0.6156
105.5300
9.3550
3.7505
634.7500
1.5645
1.9295
8.2783
1.8811
0.9617
6.3090
0.6163
105.7700
9.3460
3.7492
635.7500
1.5667
1.9319
1.4640
8.2784
1.8978
0.9704
6.3654
0.6185
106.1100
9.3350
636.2500
1.5642
1.9330
1.9007
0.9718
6.3746
0.6179
106.4200
1.4621
1.8987
0.9708
6.3678
0.6177
106.3800
3.7509
1.5679
1.4623
1.8965
6.3605
0.6171
105.7400
9.3250
636.3999
1.5726
1.4658
0.6159
104.4700
9.3399
636.7500
1.5810
1.9290
1.4678
1.9117
0.9774
6.4115
0.6191
104.5600
9.3070
637.2500
1.5768
1.9299
1.4679
8.2370
1.9192
0.9812
6.4366
0.6202
104.4100
9.3100
637.5000
1.5701
1.9265
1.9292
0.9864
6.4702
0.6208
103.9900
9.3599
637.7500
1.5686
1.9239
1.9231
0.9832
6.4499
0.6231
101.8500
638.5000
1.5769
1.4683
0.9849
6.4614
0.6229
102.5500
1.5708
1.4724
1.9345
0.9890
6.4882
0.6238
102.3300
9.3499
1.5741
1.4742
1.9393
0.9916
6.5042
0.6256
102.0900
1.5706
1.4744
1.9378
0.9908
6.4991
0.6252
102.3400
1.5792
1.4800
1.9443
0.9940
6.5210
0.6254
102.5700
1.5823
1.4802
1.9531
0.9986
6.5503
0.6248
102.4700
1.5825
1.4823
1.9519
0.9980
6.5465
102.8500
1.5808
1.4795
1.9510
0.9975
6.5431
0.6245
102.7050
1.5800
1.4799
1.9271
0.9852
6.4633
0.6211
102.4300
1.5736
1.4750
1.9128
0.9779
6.4151
102.8000
9.4649
1.8660
1.4785
1.9085
0.9758
6.4008
0.6149
102.8150
9.4619
642.0099
1.5649
1.8680
1.4757
1.9150
0.9790
6.4227
102.9600
9.4350
642.5000
0.9996
1.5752
1.4779
0.6161
102.4200
9.4124
642.7500
1.8640
1.4790
1.9301
0.9869
6.4734
102.3500
9.3900
1.5743
1.4774
1.9305
0.9870
6.4748
0.6168
1.8570
1.4792
1.9317
0.9877
6.4786
0.6160
102.6800
9.4169
643.0000
1.8480
1.4812
8.2794
1.9441
0.9939
6.5204
0.6190
103.3600
9.4139
643.8999
1.5748
1.8520
1.4842
1.9490
0.9965
6.5366
0.6226
103.5800
9.3819
644.0000
1.5601
1.8425
1.4782
1.9280
0.9858
6.4664
0.6198
103.0000
9.3650
1.5564
1.8169
1.4778
1.9145
0.9788
6.4208
0.6205
103.1000
644.2500
1.8109
1.4755
1.9413
0.9926
6.5106
103.2800
644.0500
1.4777
1.9400
0.9919
6.5068
0.6228
103.1700
1.5579
1.4801
1.9399
6.5061
0.6225
102.9100
1.5551
1.8270
1.9374
0.9906
6.4977
0.6212
102.2000
9.3190
1.5516
1.8210
1.4772
1.9402
0.9920
6.5075
0.6210
101.7200
9.3170
645.0099
1.5528
1.8300
8.2795
0.9909
6.4997
101.6500
9.3800
645.5000
1.8330
1.4700
0.6182
9.4250
646.0099
1.5549
1.8320
1.9298
0.9867
6.4722
0.6180
102.9400
646.2500
1.5538
1.4680
1.8285
8.2796
1.9311
0.9874
6.4767
0.6192
102.5400
9.4755
647.0000
0.9999
1.5480
1.4509
8.2805
1.9427
0.9932
6.5155
0.6195
102.4000
9.4656
648.0000
0.9998
1.5367
1.8100
1.4529
8.2803
1.9479
0.9959
6.5328
0.6186
102.2290
9.5061
648.2500
1.5237
1.8069
1.4464
1.9421
0.9929
6.5140
0.6181
102.3100
9.4900
649.0000
1.5256
1.4460
1.9451
0.9945
6.5236
102.2100
9.5199
649.2500
1.5240
1.4461
1.9453
0.9946
6.5243
1.5201
1.8149
1.4469
1.9071
0.9750
6.3962
0.6109
9.4100
649.7500
1.5271
1.8500
1.4521
8.2806
1.8977
0.9703
6.3651
0.6114
103.3040
9.5792
650.5000
1.5192
1.4494
1.8955
0.9690
6.3571
0.6092
104.3050
9.5229
650.0099
1.5296
1.8420
1.4598
0.6075
105.2690
9.5700
650.5099
1.8290
1.4568
8.2802
1.9008
6.3750
0.6105
105.3760
9.4749
650.7500
1.4581
1.8996
0.9713
6.3710
0.6100
105.2500
1.5269
1.4564
0.6099
105.1240
1.5238
1.4560
1.9078
0.9755
6.3987
0.6111
105.2000
3.7503
652.0000
1.5206
1.8230
1.4578
1.8930
0.9678
6.3487
0.6069
106.0610
9.5220
3.7504
651.7500
1.5187
1.4540
8.2804
0.6070
105.9700
9.5427
652.6499
1.4998
1.8129
1.4508
1.9075
0.9752
6.3975
106.1500
9.4849
652.5000
0.9992
1.5015
1.8049
1.4500
1.9285
0.9859
6.4679
0.6119
105.7940
9.4299
651.8500
1.5038
1.9296
0.9866
6.4715
0.6116
106.0800
1.5025
1.4502
1.9289
0.9861
6.4692
105.9060
1.5041
1.7940
1.4501
8.2800
1.9340
0.9889
6.4866
0.6128
104.8960
9.4290
652.2500
1.5017
1.7929
1.4507
1.9307
6.4752
105.7440
9.4183
653.1000
1.5074
1.7920
1.4520
1.9321
0.9879
6.4804
0.6084
105.3990
9.4137
653.0000
1.5027
1.7840
1.4474
1.9228
0.9830
6.4486
0.6046
105.3300
9.4407
653.5500
0.9995
1.5101
1.7729
1.4415
1.9386
0.9911
6.5016
0.6065
104.8500
9.4800
653.0099
1.5076
9.4680
105.2610
1.5290
1.4433
8.2797
1.9435
0.9937
6.5183
0.6057
105.6850
9.5312
654.4500
1.5260
1.7769
1.4376
1.9537
0.9989
6.5522
0.6080
106.0210
9.5292
654.5000
1.5348
1.7789
1.4384
8.2789
1.9527
0.9983
6.5491
0.6102
105.7030
9.5137
655.2500
1.5283
1.7800
1.4357
8.2790
1.9798
1.0122
6.6398
105.1930
9.5403
1.5760
2.0032
1.0242
6.7186
107.1700
9.6099
654.6499
1.7980
1.4472
2.0019
1.0235
6.7140
107.0900
1.5698
1.4462
2.0017
6.7138
0.6176
107.1140
1.5712
1.7850
1.4459
2.0160
1.0307
6.7617
107.4590
9.5922
655.7599
1.5834
1.7900
1.4473
8.2782
2.0125
1.0289
6.7500
107.8289
9.5906
656.0099
1.5690
1.7860
1.4399
2.0040
1.0246
6.7210
0.6220
108.2930
9.5503
656.7500
1.5722
1.4422
1.9752
1.0099
6.6245
0.6260
107.6770
9.4953
656.8999
0.9993
1.5714
1.7689
1.4416
1.9908
1.0179
6.6772
0.6284
107.2110
9.4500
656.5000
1.5710
1.7700
1.4420
1.9880
1.0165
6.6676
107.3900
1.5683
1.4404
1.9879
1.0164
6.6672
0.6287
107.2690
1.5790
1.9957
1.0204
6.6932
0.6262
108.7250
9.4268
657.0099
1.5837
1.7660
1.4463
1.9832
1.0140
6.6513
0.6203
109.5370
9.4070
657.5099
1.5766
1.4451
1.9696
1.0069
6.6058
659.2500
1.5845
1.7669
1.4492
1.9866
1.0158
6.6631
0.6217
109.2440
9.4306
658.0099
0.9938
1.5851
1.4496
0.6273
108.8540
9.4269
658.0000
1.5886
1.4480
8.2791
108.9300
1.5915
1.4504
1.9833
6.6516
0.6277
108.9460
1.5958
1.7740
1.4572
8.2787
1.9965
1.0208
6.6965
0.6301
108.9060
9.4000
658.5000
1.5913
1.9932
1.0190
6.6848
0.6266
109.0930
9.3658
659.0000
1.5844
1.7750
1.4538
1.9836
1.0142
6.6527
109.4050
9.3755
659.7500
1.5827
1.4510
8.2780
1.9802
1.0124
6.6410
110.6840
9.3757
660.5000
1.5903
1.4514
1.9854
1.0150
6.6588
0.6243
111.0600
9.3970
660.1499
1.4490
1.9843
1.0145
6.6554
111.1000
1.5923
1.4513
1.9863
1.0156
6.6616
0.6241
110.9360
1.5978
1.4562
1.9812
1.0129
6.6445
0.6251
111.3920
9.4199
660.5099
1.6032
1.4625
1.9499
0.9970
6.5396
0.6201
110.9020
9.4320
661.1000
1.6136
1.4618
8.2788
1.9501
6.5406
0.6237
111.2860
661.0000
1.6279
1.7780
1.4555
1.9700
1.0073
6.6071
0.6250
111.2670
9.3910
661.7599
1.6265
2.0072
1.0263
6.7319
0.6271
110.2720
9.3870
661.5000
1.6175
1.7760
110.3200
6.7320
0.6272
110.3690
1.6285
1.4518
6.7499
0.6270
109.5100
662.2500
1.6170
2.0272
1.0365
6.7990
0.6336
110.2270
9.3743
1.6537
1.7629
1.4489
2.0106
1.0280
6.7435
0.6304
107.1440
9.3546
663.0009
1.6496
1.7580
1.4563
2.0280
1.0368
6.8018
0.6344
107.9430
9.3314
663.5000
1.6446
1.7460
2.0388
1.0425
6.8381
0.6342
107.7580
9.3200
664.2599
1.6485
1.7470
1.4515
2.0365
1.0411
6.8300
107.9500
1.6449
1.4512
2.0413
1.0437
6.8463
0.6340
107.9100
1.6623
1.4532
8.2792
2.0400
1.0429
6.8418
0.6356
107.5060
9.3317
1.6531
2.0392
1.0427
6.8395
0.6331
106.1830
9.2881
1.6424
1.7420
2.0354
1.0407
6.8268
0.6326
9.2730
664.2500
1.6245
1.7430
1.4577
2.0243
1.0349
6.7892
0.6325
106.6930
9.2861
665.1499
1.6275
1.7450
1.4587
2.0295
1.0377
6.8067
0.6348
106.2800
665.7500
1.7480
0.6334
106.3500
1.6311
1.4580
2.0324
1.0390
6.8163
106.3640
1.6236
2.0287
1.0373
6.8041
105.6670
9.3224
665.2500
1.6274
1.7390
1.4652
2.0215
1.0336
6.7801
105.1889
9.3490
1.7410
1.4674
8.2786
2.0207
1.0331
6.7770
0.6358
9.3308
666.2500
1.6369
1.4731
2.0135
1.0295
6.7533
105.5710
9.3376
666.7500
1.6488
2.0129
1.0291
6.7512
0.6351
106.7600
1.6500
1.4711
2.0114
1.0284
6.7458
0.6349
106.8980
1.6456
1.7380
1.4697
2.0099
1.0277
6.7409
0.6371
106.4010
9.3195
667.0000
1.6400
1.7362
1.4695
2.0283
1.0369
6.8026
0.6359
106.9610
9.2941
667.7500
1.6541
1.7300
1.4702
0.6338
107.0550
9.2492
668.2500
1.6505
1.7210
1.4708
6.7531
107.4230
9.2234
668.5099
1.6445
1.7340
1.4637
9.2200
669.0000
1.6491
1.7360
1.6453
1.4630
2.0023
1.0238
6.7153
106.9900
1.6372
1.4610
8.2799
2.0261
1.0360
6.7956
0.6302
106.7740
9.1927
1.6278
1.4539
2.0348
1.0404
6.8243
0.6293
105.8900
9.2203
669.2500
1.6367
1.7444
1.4576
2.0577
1.0521
6.9016
0.6268
105.6700
9.2631
670.2500
1.6331
1.7490
1.4549
2.0352
1.0406
6.8259
105.5100
9.3088
1.6465
2.0480
1.0471
6.8691
0.6281
102.3800
9.2639
670.5000
1.6469
2.0476
1.0468
6.8672
102.9900
1.6490
1.4499
2.0468
1.0465
6.8646
2.0428
1.0445
6.8517
104.8780
9.2933
670.3000
1.6506
8.2798
2.0333
1.0396
6.8193
0.6261
104.9750
9.3396
670.7500
1.6510
1.7508
2.0299
1.0379
6.8080
0.6316
104.9450
9.3847
671.5000
1.6591
1.4531
2.0411
1.0436
6.8455
0.6329
104.7690
9.3701
671.2500
1.6736
1.7400
2.0495
1.0479
6.8737
0.6333
105.5230
9.2900
671.3500
1.6682
1.4567
105.3700
671.3000
1.0469
6.8677
105.4590
1.6731
1.4628
2.0329
1.0394
6.8179
0.6311
106.4700
9.3393
671.7500
1.6776
1.7440
1.4642
2.0396
1.0428
6.8407
0.6307
107.0320
9.3877
1.6767
1.7562
1.4638
2.0415
1.0439
6.8472
0.6297
105.8240
9.4194
672.7400
1.6763
1.4725
2.0493
1.0478
6.8731
105.8379
9.4342
673.0280
1.6739
1.7864
1.4767
2.0363
6.8295
0.6298
104.8540
9.5180
672.7500
1.7880
6.8258
105.0400
1.6721
2.0346
1.0403
6.8236
104.5700
1.6935
1.4863
2.0537
1.0501
6.8880
0.6327
104.4960
9.4335
672.5000
1.6811
1.7625
1.4816
2.0659
1.0563
6.9287
104.7860
9.4001
0.9990
1.6805
1.4746
2.0792
1.0630
6.9734
0.6321
104.8710
9.4309
1.6899
1.4753
2.0842
1.0657
6.9904
105.7620
1.6879
2.0848
1.0659
6.9920
105.8710
1.6862
1.7834
1.4740
2.0827
1.0649
6.9851
0.6332
105.7159
9.4273
672.9260
0.9997
1.6847
1.7882
1.4752
2.0804
1.0637
6.9774
105.4620
9.4459
673.1169
1.6819
1.4770
2.0844
1.0658
6.9911
0.6337
105.8229
9.4420
673.5000
1.6842
1.7889
1.4688
2.1240
1.0861
7.1241
105.9539
674.3000
1.7023
1.8037
1.4758
2.1179
1.0829
7.1031
106.3220
9.4202
675.0000
1.6999
1.8067
2.1509
1.0996
7.2137
0.6360
106.4170
9.4329
675.7500
1.7146
1.8060
1.4806
2.1465
1.0974
7.1993
0.6444
108.1790
675.7599
1.4807
2.1453
1.0969
7.1948
108.2000
1.7097
1.4804
2.1463
7.1988
0.6442
107.9260
1.7153
1.4787
2.1362
1.0922
7.1646
0.6441
108.8289
9.3295
1.7105
1.8040
1.4851
2.1530
1.1008
7.2210
0.6412
108.5600
9.3466
676.5000
1.6889
1.8159
1.4935
2.1855
1.1173
7.3300
0.6402
109.1110
9.3965
1.6922
1.8120
1.4971
2.1970
1.1233
7.3685
0.6489
108.1580
9.4288
677.0000
1.8009
1.4904
2.1789
1.1141
7.3079
0.6545
108.5630
677.6499
1.8020
2.1797
1.1145
7.3102
0.6532
1.6761
1.4916
2.1806
1.1150
7.3136
0.6544
108.5990
1.7177
1.8080
1.4924
2.1772
1.1132
7.3023
0.6528
109.1160
9.4923
677.7100
1.7135
2.1558
1.1022
7.2302
109.2650
9.5228
677.7500
1.7197
1.8200
1.4936
2.1573
1.1030
7.2351
0.6620
109.5639
9.6265
678.0000
1.7245
1.8240
1.4884
2.1701
1.1095
7.2782
0.6646
108.5900
9.5770
679.3000
1.7253
1.8359
1.4864
2.1282
1.0881
7.1376
0.6592
9.5899
679.3999
1.7241
1.8390
2.1273
1.0876
7.1345
0.6578
108.5000
1.7267
1.4869
2.1284
1.0883
7.1384
0.6581
108.5310
1.7424
1.8430
1.4867
2.1467
1.0975
7.1997
0.6640
109.4980
9.5350
679.5000
1.7333
1.4866
1.1089
0.6695
109.6029
9.5120
680.1100
1.7593
1.4979
8.2775
1.1183
0.6694
109.5400
9.5434
681.2500
1.7515
1.8350
1.5002
1.1192
0.6745
108.6220
9.5785
681.3000
1.7431
1.8400
1.4967
1.1126
0.6720
106.9719
9.5795
1.7492
1.1151
0.6729
107.0300
9.5800
1.7422
1.4975
1.1158
0.6726
107.0810
1.7474
8.2777
1.1079
107.0740
9.5298
681.7500
1.7408
1.5080
1.1032
0.6771
106.5789
9.5487
682.5099
1.5112
8.2776
1.1046
0.6774
107.9300
9.4943
683.0000
1.7558
1.5043
1.0967
0.6798
9.5272
683.5000
1.7434
1.8410
1.5050
8.2779
1.0743
0.6705
9.5519
684.0000
1.8380
1.0696
0.6702
1.7565
1.0669
1.7484
1.5001
1.0791
0.6703
9.5320
1.7353
1.5059
1.0758
0.6686
683.2500
1.7459
1.8250
0.6664
9.5160
681.0000
1.7486
1.4917
1.0737
9.5250
680.7500
1.7270
1.8010
1.4780
1.0597
0.6632
9.5419
679.2500
1.7285
1.8029
1.4764
0.6615
1.7260
1.4771
1.0572
0.6630
1.7166
1.0548
0.6583
9.5920
1.7014
1.4773
1.0484
0.6543
9.7643
679.0000
1.4794
1.0400
0.6570
9.8638
679.7500
1.6991
1.8028
1.0456
0.6624
9.9596
680.0000
1.7020
1.0495
0.6629
9.9060
680.3999
1.0490
0.6631
1.7027
1.0492
1.4759
1.0496
0.6613
106.8800
9.8040
680.2500
1.6772
1.8115
1.4692
1.0412
107.0210
9.8010
680.7599
1.6681
1.4684
1.0443
0.6670
106.7020
9.7956
681.5000
1.6586
1.4763
1.0487
0.6609
106.6450
9.8757
0.9991
1.6478
1.4681
1.0356
0.6603
106.2369
9.8816
681.7599
1.6479
1.4677
1.0364
0.6593
106.5700
9.9049
106.5110
1.6624
1.4666
1.0444
0.6614
105.7870
9.8676
1.6611
1.4718
0.6588
105.5410
9.8689
1.6600
1.8112
1.4737
1.0575
0.6671
105.6560
9.8623
680.6800
1.6750
1.8140
1.0672
0.6606
104.3710
9.9476
1.6823
1.8257
1.4829
1.0684
0.6652
104.6990
9.9535
681.2599
1.8280
1.0685
0.6653
105.0200
9.9600
1.6849
1.4833
1.0683
105.2800
1.6755
1.8231
1.4854
1.0676
0.6681
105.7150
10.0779
1.6630
1.0573
0.6643
105.3950
10.0640
1.6606
1.0609
105.5370
9.9776
681.6800
1.6614
1.4838
1.0511
0.6585
105.2270
9.8956
682.5000
1.6751
1.8061
1.4809
106.0290
9.8165
1.8089
1.4805
1.0507
9.8073
1.6702
1.8154
1.4815
1.0519
0.6610
105.6950
682.0000
1.4860
1.0510
0.6601
106.1450
9.5370
683.3999
1.6967
1.4908
1.0499
107.1320
683.0099
1.6946
1.4857
0.6634
107.5030
9.5687
683.6800
1.6906
1.8002
1.4821
1.0560
107.9610
9.5150
683.7500
1.4811
1.0540
107.9800
1.6926
1.4810
1.0555
107.8500
1.6895
1.7949
0.6608
107.1100
9.4725
684.1399
1.7025
1.0498
0.6594
107.1970
9.4898
684.5000
1.7002
1.8024
1.0615
0.6637
108.3180
9.4594
685.0000
1.7132
1.4826
1.0670
0.6654
108.2680
9.4701
685.2500
1.8033
1.4856
1.0667
0.6673
107.9000
9.3700
685.5000
1.7143
1.4855
1.0668
0.6669
1.7129
1.4846
1.0660
0.6663
107.8850
1.6988
1.7990
1.4819
0.6693
108.2200
9.3320
686.3500
1.7969
1.4766
1.0801
108.3589
9.3528
686.0099
1.7355
1.4769
1.0820
0.6679
108.3370
9.4400
686.0000
1.7159
1.4739
1.0719
0.6612
107.6520
9.3500
686.7500
1.7061
1.4713
1.0671
0.6582
108.9490
687.0000
1.7989
1.4717
1.0686
109.0700
1.7069
1.0677
108.8679
1.7091
1.4654
1.0722
0.6600
108.8550
9.3818
1.7100
1.7939
1.4673
1.0661
0.6599
109.1970
9.3613
3.7511
687.6000
1.6912
1.0618
0.6598
109.2780
688.0000
1.6998
1.4720
1.0724
109.2840
9.3594
688.6499
1.7013
1.0830
109.6360
687.5000
1.6969
1.0831
109.6300
688.0099
1.6980
0.6655
109.5759
1.7251
1.4872
1.0787
0.6672
109.4030
9.3518
687.5099
1.7293
1.7884
1.4883
1.0942
0.6704
109.3439
9.3467
687.7500
1.7960
1.4814
1.0949
0.6697
109.0590
9.3632
688.5000
1.7071
1.7928
1.1034
108.4380
9.3940
688.7599
1.7077
1.7923
1.4896
1.1023
108.6500
9.3390
688.2599
1.7109
1.1025
0.6645
1.7070
1.4897
1.1020
0.6647
108.6270
1.7040
1.1009
0.6618
109.0789
9.3270
1.7161
1.7941
1.4885
1.1092
108.6510
9.3381
688.7500
1.7299
1.4837
1.1120
0.6659
107.9170
9.3262
687.6800
1.7190
1.7968
1.4830
1.1013
0.6683
108.8660
9.3307
1.7262
0.6660
108.6420
9.2720
689.0000
1.7248
1.4839
1.1080
0.6662
108.6000
1.7275
1.4843
1.1068
0.6657
108.6370
1.7189
0.6649
109.5260
9.2666
1.7165
1.0954
109.1240
9.2254
689.2500
1.6938
1.0931
0.6667
108.7380
9.2110
1.6875
1.8117
1.0906
108.5969
9.1798
689.5000
1.6949
1.4760
1.1035
0.6717
108.5300
9.2970
689.7599
1.1027
0.6714
108.3600
1.6929
108.3800
1.7003
1.8224
1.1094
0.6724
108.6910
689.6900
1.7223
0.6743
108.2900
9.2508
689.5099
1.7513
1.1116
0.6731
107.1670
9.2456
1.7476
1.8204
1.4870
1.1077
0.6751
106.9419
9.2180
689.7500
1.8232
1.4847
1.1093
0.6801
106.9700
9.2379
1.7452
1.4844
1.1073
0.6807
106.8700
1.7426
1.1085
106.9000
1.7504
1.4836
1.1105
0.6803
106.5090
9.2256
1.4858
1.1209
0.6867
106.1750
9.2309
1.7374
1.4776
1.1195
0.6853
106.4980
9.1987
1.7345
1.8228
1.1264
0.6901
106.7060
9.2049
1.7361
1.4735
1.1112
0.6831
105.9839
9.2300
0.6832
105.9600
1.7336
105.9640
1.7383
1.1134
0.6857
105.8790
9.2211
1.7589
1.1232
0.6875
105.8720
9.2797
690.2619
1.7699
1.8213
1.1487
0.6952
105.9790
9.3411
690.0000
1.7888
1.1466
0.6957
105.1170
9.2959
1.7978
1.8190
1.1507
0.7048
106.1800
690.2500
1.8005
1.8180
1.4775
1.1538
0.7072
106.0700
106.0710
1.7822
1.8227
1.4813
1.1638
0.7115
106.0950
9.2584
689.9529
1.7931
1.8299
1.1597
0.7113
106.9910
9.2507
690.5000
1.8045
1.4827
1.1647
0.7099
107.1650
9.3092
690.3000
1.8221
1.4879
1.1556
0.7107
107.5900
9.2958
1.8334
1.8440
1.4840
1.1713
0.7153
107.3250
9.4009
1.8349
1.4834
1.1730
0.7163
107.1300
107.1020
1.8451
1.8573
1.1715
0.7120
106.9470
9.4332
1.8403
1.1752
0.7093
107.0180
9.3958
690.7599
1.8564
1.8560
1.1789
0.7089
106.6000
9.4468
1.8406
1.4871
1.1655
0.6959
106.7110
9.4382
690.2599
1.8382
1.8450
1.4887
1.1386
0.6861
108.0470
9.4209
690.7500
1.1415
0.6881
108.0100
1.8246
1.4893
108.0550
1.8207
1.8470
1.4874
1.1444
0.6887
107.7720
9.4337
1.8220
1.8510
1.4878
1.1332
0.6834
107.6510
9.4175
1.8142
1.8490
1.1325
107.4200
1.8348
1.5008
1.1375
0.6835
107.6200
9.4515
690.6900
1.8381
1.1326
0.6784
108.2700
1.8298
1.8530
1.5105
1.1382
0.6814
108.8830
691.5000
1.5098
0.6818
108.7400
1.8591
1.8522
1.4946
1.1438
0.6855
109.4000
9.4541
691.5099
1.8723
1.4970
1.1463
0.6898
108.9700
1.8751
1.5023
1.1516
108.8400
9.4710
691.7500
1.8727
1.5035
1.1510
0.6919
108.8800
1.8730
108.9500
1.8675
1.8540
1.5037
1.1517
0.6902
108.8770
9.4726
691.7599
1.8744
1.8600
1.5004
1.1477
0.6871
107.8570
9.4696
692.5000
1.8709
1.8620
1.1505
107.6340
692.3000
1.8792
1.5109
1.1600
0.6804
107.6290
9.5960
1.8975
1.8700
1.5075
1.1717
0.6889
107.8390
9.5210
692.8000
1.1680
0.6888
107.8700
1.8801
1.5078
1.9114
1.1758
0.6908
108.1470
9.5375
692.9660
1.9210
1.8714
1.5203
1.1701
0.6893
108.0510
9.5627
692.6900
1.8750
1.5134
1.1912
0.6925
9.5557
3.7513
692.5099
1.9160
1.8779
1.5125
1.1863
0.6915
108.2039
9.5389
691.6900
1.8920
1.8870
1.5132
1.1891
0.6896
108.9200
9.5603
1.1876
9.5549
1.5121
0.6883
1.9032
1.8950
1.5107
1.1972
0.6891
108.3280
9.5930
693.2500
1.9045
1.9100
1.5140
1.1951
0.6897
107.9180
9.6035
694.2500
1.9266
1.5181
1.2078
0.6983
108.2380
9.6700
693.7500
1.9186
1.9370
1.5226
1.2060
0.6968
108.3710
9.6609
694.5099
1.9112
1.9153
1.5300
1.1906
0.6877
108.6730
9.6259
694.2599
1.9200
1.9170
1.1919
0.6873
108.6600
1.9156
1.5314
108.7000
1.9113
1.9159
1.5315
1.1892
108.9960
9.6061
693.6900
1.9235
1.9010
1.5229
1.1786
0.6905
109.1570
9.5729
693.5000
1.9079
1.9219
1.5345
1.1615
0.6886
108.2279
9.6012
694.0000
1.9251
1.9199
1.5321
1.1646
108.1700
9.5767
694.6000
1.9018
1.9430
1.5333
1.1540
0.6903
9.6530
695.3000
1.9073
1.9440
1.5331
1.1521
107.1500
1.5330
107.1200
3.7515
1.9019
1.5306
1.1612
0.7004
9.6602
694.7500
1.8888
1.9547
1.5342
1.1624
0.6975
107.0420
9.6120
694.8999
1.9021
1.9690
1.5425
1.1688
0.7019
107.3240
9.6600
695.2500
1.8957
1.1547
0.6985
107.4380
9.6280
1.9281
1.9530
1.1631
0.7014
108.0000
1.9263
1.5441
1.1623
0.7005
1.5443
0.7010
108.0050
1.5448
1.1634
0.6956
107.6990
695.5500
1.5465
1.1657
0.6989
9.5105
695.7599
1.9230
1.9450
1.5543
1.1665
0.7006
108.9410
9.4412
1.9224
1.9520
1.5567
1.1736
0.7025
109.0490
695.5000
1.9277
1.9670
1.5585
1.1803
0.7023
108.8920
9.4789
696.0000
1.9282
1.5569
0.7032
108.9000
1.9198
1.5577
0.7028
108.8500
1.9459
1.9190
1.5586
1.1741
0.7027
109.8820
9.4168
1.9581
1.5513
1.1858
0.7054
110.2530
9.3934
695.7500
1.9066
1.1859
0.7110
110.3020
9.4048
696.5099
1.9168
1.5457
1.1925
0.7148
110.3750
9.4019
696.2500
1.9131
1.9590
1.5403
1.1935
0.7147
111.3730
9.3989
696.8000
1.9175
1.9610
1.5392
0.7145
111.3300
1.5395
0.7139
111.2060
1.8986
1.5360
1.1744
0.7056
110.7170
9.3787
696.7500
1.9680
1.5374
1.1681
0.7060
110.1900
9.4304
697.2599
1.9202
1.9570
1.5432
1.1664
111.2230
9.3919
696.6900
1.8935
1.5362
1.1468
110.4060
9.4278
1.8615
1.9720
1.5472
1.1384
0.6938
111.2600
697.2500
1.8643
1.9780
1.5468
1.1377
0.6946
111.4000
111.5000
1.8344
1.9800
1.5436
1.1243
0.6882
110.9809
9.4056
1.8552
1.9580
1.5438
1.1365
111.2170
9.4063
697.8000
1.8260
1.9750
1.5291
1.1220
0.6933
110.3770
9.4315
697.8100
1.8269
1.5293
1.1238
0.6923
110.6040
9.4214
697.6900
1.8254
1.5165
1.1355
0.6921
111.3770
9.4450
698.4600
1.1277
0.6894
111.0000
1.8347
0.6912
111.3950
1.8516
1.5254
1.1410
110.8220
9.4588
1.8469
1.5288
111.4900
9.4770
698.5500
1.8531
1.9548
1.5224
1.1411
112.3920
9.4068
698.8000
1.8445
1.9650
1.5172
1.1231
0.6794
112.2090
9.4291
698.2500
1.8362
1.9660
1.5213
1.1172
0.6782
112.6320
698.7500
1.8305
1.5175
1.1153
0.6780
112.5500
1.8370
1.5208
112.4700
1.8453
1.9560
1.5274
0.6785
112.2000
9.3759
698.5099
1.9550
1.5236
1.1174
0.6810
112.5040
699.0099
1.8079
1.0995
0.6763
112.7260
9.5213
698.6900
1.8017
1.0924
0.6792
112.3740
9.6516
699.7500
1.7963
1.9600
1.5176
1.0823
0.6772
112.9400
9.5869
699.5099
0.6791
1.5193
1.0810
0.6762
112.8550
1.7892
1.0730
0.6740
113.6480
9.5750
1.7905
1.5123
1.0750
0.6680
114.3460
9.5848
1.8053
1.5011
1.0760
114.5050
699.7599
1.7906
1.4999
1.0620
0.6699
114.4700
9.6509
700.0099
1.7883
1.4987
1.7902
1.4996
0.6687
114.4800
1.7879
1.4942
1.0523
114.4670
9.8092
700.2500
1.7977
1.9310
1.4995
1.0770
0.6713
113.6820
699.2599
1.7685
1.9423
1.4982
1.0528
0.6661
115.7510
9.7469
698.7599
1.9554
1.4994
116.5800
9.7630
698.6699
1.9559
1.0464
116.6500
1.7499
1.4993
1.0448
116.6660
1.7573
1.9495
1.4947
1.0545
116.1230
9.7294
697.6699
1.7745
1.4944
1.0587
0.6711
116.8400
9.7680
698.3170
1.7983
1.5024
1.0673
0.6723
116.5470
9.8140
699.3500
1.7828
1.4950
8.2774
1.0504
0.6675
117.6860
9.8750
1.7972
1.9500
1.5013
1.0508
0.6770
118.5729
9.9037
700.2899
1.7930
1.9525
1.5009
0.6767
118.5500
9.8970
700.8000
1.7958
1.9535
118.3700
9.8848
701.0000
1.8123
1.0612
118.9370
9.9208
699.2500
1.5071
1.0627
0.6795
117.6900
9.9605
699.5000
1.8081
1.5117
8.2772
1.0704
0.6790
118.9160
700.3000
1.7910
1.5129
1.0582
0.6787
118.0700
9.8302
1.7986
1.0703
0.6836
117.2400
9.7919
699.7000
1.5116
8.2769
1.0701
1.7996
1.5118
117.1100
1.7974
1.0647
0.6828
116.3660
9.8000
1.8103
1.9620
0.6806
117.0939
9.7649
700.1000
1.9695
1.5133
1.0851
117.8740
9.6769
700.6000
1.8331
1.9744
1.5079
1.0822
0.6837
116.8439
9.6850
700.1130
1.9740
1.5060
0.6843
117.3830
9.6620
700.7000
0.6846
117.2500
1.8412
1.5062
117.3500
1.8426
1.5019
1.0908
0.6860
116.7470
9.6310
1.5039
1.0797
115.9210
9.6808
1.8165
1.0679
116.4230
9.6699
1.8066
1.9910
1.0634
0.6764
115.5900
9.7936
701.2500
1.4959
1.0690
115.7230
9.7820
701.5000
1.9890
1.4974
115.7400
1.8167
1.4973
115.7100
1.8189
2.0004
1.5085
1.0656
0.6777
114.7700
9.7569
2.0030
1.5119
1.0762
0.6856
114.8289
9.7007
701.6829
1.5102
8.2773
1.0765
0.6876
116.3960
9.6918
702.0099
1.8706
1.9920
1.5114
8.2771
1.0886
0.6924
116.7219
9.6859
702.2500
1.8651
1.9840
1.0806
117.5650
9.7450
702.5099
1.8692
1.5100
117.5200
1.8644
1.0811
117.6000
1.8554
1.9830
1.5221
0.6884
117.4910
9.7170
702.7000
1.8741
1.9870
1.5232
1.0859
116.6650
9.7178
1.8895
1.5289
1.0900
0.6872
116.5180
9.7152
703.7500
1.9089
1.9900
1.5299
1.1057
115.4629
9.6851
2.0049
1.5396
1.0932
115.8200
9.7050
704.5000
1.0939
1.8946
1.5397
1.8865
2.0036
1.5351
0.6914
116.0540
9.6976
2.0084
1.0971
0.6913
115.8110
9.6983
704.7599
1.9084
2.0421
1.5370
1.1002
0.6932
116.6100
9.7411
1.9070
2.0430
1.5387
1.1045
0.6916
116.9740
9.7200
704.6090
1.9011
2.0379
1.5377
115.9580
9.6844
704.2500
2.0369
1.5380
115.8300
9.6910
1.9124
115.8600
1.9116
2.0356
1.5298
116.5200
9.6730
704.2000
1.9029
2.0387
1.0899
116.1780
704.8999
1.8997
2.0470
1.5366
0.6922
117.3800
9.6927
704.6499
1.8943
1.5481
117.4830
9.6797
705.2100
1.8875
2.0276
1.5451
1.0697
119.0700
9.6572
704.7069
2.0327
1.5458
1.0691
119.2300
9.6639
706.5000
1.8900
2.0326
1.5450
119.2200
9.6956
709.0190
1.9194
2.0219
1.5477
1.0761
0.6816
119.1500
9.6346
705.0099
1.9288
2.0350
1.5385
118.9580
9.6693
705.3500
1.9649
1.5505
1.0759
0.6848
120.0430
9.6395
705.6599
1.9565
2.0520
1.5466
1.0736
0.6808
119.7300
9.6524
705.7500
1.9677
2.0459
1.5476
1.0726
0.6805
119.5700
9.6560
705.5099
1.9542
1.5509
1.0707
119.3240
1.9635
2.0674
1.5519
1.0755
120.4580
704.7219
1.9823
2.0630
1.5446
1.0933
119.7980
9.5850
2.0177
2.0771
1.5576
1.0979
121.1370
705.2599
2.0301
2.1034
1.5609
0.6958
122.4150
9.6106
705.1399
1.0006
2.0247
2.1280
1.1164
0.6979
123.0600
705.9099
2.0222
1.0005
2.1709
1.5669
0.7016
123.0660
9.5414
1.9961
2.0878
1.5663
1.1011
0.6966
122.3150
2.0217
2.1219
1.5762
1.1165
0.6991
123.4539
9.5280
705.7599
2.0293
2.1629
1.5711
1.1272
0.7039
123.6250
9.6247
705.7000
2.1730
1.5653
1.1240
122.8500
9.5600
706.2599
1.1237
0.7018
122.7500
2.0251
1.5651
1.1213
122.8750
1.9972
2.1350
1.5571
1.1166
0.6969
122.8150
9.5221
706.7599
2.0047
2.1230
1.5694
1.1197
0.6984
122.2300
9.5412
707.2500
2.1257
1.1286
0.6965
122.4290
707.8999
2.0305
2.1541
1.5742
1.1331
0.7008
123.6450
9.5329
707.7000
0.9985
2.0613
1.5767
1.1379
126.3300
9.4610
707.7599
2.0533
2.1539
1.5740
2.0325
2.0945
2.1669
1.5797
1.1371
0.7058
126.7700
707.5000
2.0541
2.1768
1.5798
1.1160
0.6978
125.6000
9.4212
708.2500
2.1743
1.5731
0.6974
125.4640
9.4132
708.4099
2.0398
1.5746
1.1187
0.7007
124.2610
9.4352
708.7500
2.1659
0.6953
123.9100
708.7599
1.5640
1.1076
0.6944
123.7500
0.6948
2.0268
2.1579
1.1154
125.0770
9.3559
709.2500
2.0148
2.1379
1.5556
1.1266
0.6986
124.3550
9.2842
709.2000
1.9881
1.5633
1.1274
0.6962
124.8289
9.2929
709.7500
1.9683
2.1560
1.5612
1.1214
123.6800
9.3247
1.9658
1.5618
1.1259
124.2700
9.2949
1.5634
0.6955
124.2500
1.9589
2.1869
1.5623
1.1278
124.6230
9.3125
1.9887
1.5630
1.1337
0.6992
123.4200
9.2423
710.5099
1.9865
2.1814
1.5639
1.1301
122.3720
9.2415
710.7500
1.9388
1.1157
121.4700
9.3018
709.7100
1.9429
2.2709
1.5445
0.6927
122.4300
9.3930
711.0099
0.6934
122.0370
1.9805
2.2602
1.5494
1.1137
0.6937
121.2440
711.9099
1.9755
2.2660
1.5487
1.1189
122.1760
9.2799
711.4099
1.9761
2.2906
1.5518
1.1163
0.6943
122.3580
9.3028
711.2500
1.9648
2.2444
1.5461
1.1069
123.1780
9.2974
711.6939
1.9661
2.2021
1.5429
124.0440
711.7100
2.2029
1.5420
1.1241
124.1200
1.9522
2.2012
1.5371
123.6720
9.2504
712.8100
1.5336
122.0819
9.2606
712.5000
1.9258
2.2370
1.5328
1.1198
121.9030
2.2149
1.5327
0.6967
121.4080
9.2693
713.0000
1.9262
2.2130
1.5357
0.6950
121.3120
9.2750
713.2500
2.2100
1.5335
1.1204
121.3500
1.9269
1.5364
1.1190
121.3600
2.2157
0.6954
121.1700
9.1941
713.5000
1.9396
2.2448
1.1318
121.3350
9.2172
1.9068
2.2629
1.5389
1.1302
122.2000
9.2149
713.7599
1.9091
2.2589
1.5431
1.1348
122.7450
9.2048
713.7100
2.2860
1.5515
1.1408
122.5400
9.2195
714.5000
2.2839
1.1429
122.5500
9.2140
1.1414
122.5150
1.9253
2.3148
1.5512
1.1437
0.7043
123.3180
9.1605
714.7100
1.9181
2.3399
1.5469
1.1390
0.7024
123.5170
9.1969
714.7500
1.9115
2.3180
1.5379
1.1327
0.6996
123.6500
9.1540
1.8914
2.3060
1.5355
122.5600
8.9989
715.7390
1.8887
2.3090
1.1366
123.6020
9.0359
715.5500
1.5340
1.1351
123.5800
1.8972
123.5830
1.8948
2.3201
1.1402
0.6945
122.7710
8.9717
715.2500
2.3233
1.5410
1.1563
122.7750
8.9997
2.3462
1.5517
1.1677
119.8580
9.0790
715.9420
2.3468
1.1669
119.9450
9.0937
716.5000
1.9234
2.3450
1.1625
0.7038
120.6919
9.1050
717.5000
1.5434
1.1635
120.7000
1.5459
1.9227
2.3340
1.1633
121.1320
9.0800
717.7000
1.9373
2.3489
0.7033
120.1650
9.1074
715.2599
1.9507
2.3420
1.5460
0.7009
120.4080
715.0099
1.9748
2.3744
1.5388
1.1826
0.7055
119.2080
9.1877
716.0099
2.3780
1.1794
119.3100
9.1750
1.5383
1.9782
1.5365
0.7036
119.2700
1.9703
2.3830
1.1822
119.3020
9.1743
715.7500
2.3875
1.5310
1.1711
0.7079
120.3370
9.1510
715.5000
2.3889
1.5262
1.1781
0.7183
120.3619
9.1137
2.3662
1.5220
1.1766
0.7189
120.1800
9.1132
1.9033
2.3599
1.5200
1.1760
0.7249
120.9659
9.0549
716.0000
1.5207
1.1761
0.7246
120.9000
1.5204
1.1768
0.7244
120.9500
1.9119
2.3811
1.5189
0.7284
122.0260
9.0548
1.9056
2.4039
1.5248
1.1735
0.7295
121.7230
9.1300
1.8904
2.4243
1.5162
1.1707
122.0500
9.0557
717.0000
1.9015
2.4239
1.5205
1.1613
0.7136
121.3980
9.1029
717.2599
1.9077
2.4140
1.1606
0.7117
123.1390
9.0299
2.4190
1.1586
0.7125
1.9072
1.5246
122.8400
2.4560
1.5356
123.3700
9.0592
715.7100
2.4760
1.5350
1.1709
122.9800
9.0809
717.2500
1.9286
2.4657
1.5346
1.1702
0.7156
123.7860
9.0817
717.7100
1.9303
2.3816
1.5239
1.1692
0.7066
124.6260
9.0837
717.7500
1.9376
2.3020
1.5235
1.1674
0.7082
124.5000
9.0500
1.9383
1.5250
1.1666
1.1675
124.4490
1.9350
2.3041
1.1639
0.7077
123.7800
9.0640
718.2500
1.9139
2.3289
1.5170
1.1584
0.7068
123.9120
9.0518
718.7500
1.9268
2.3359
1.1627
0.7059
124.4569
9.0670
718.7400
1.9762
2.3056
1.1843
0.7105
124.7339
9.0737
1.9608
2.3109
1.5145
1.1778
0.7069
124.7700
9.0380
718.7100
1.1772
0.7062
124.7500
719.0000
1.9572
2.3317
1.5144
1.1811
124.3300
9.0329
1.9309
2.3506
1.5106
1.1767
0.7112
124.4110
9.0553
2.4194
1.5120
1.1819
124.5300
9.0899
720.0000
2.4689
1.1942
0.7137
125.8150
9.0730
719.7200
2.4310
1.5228
1.1808
0.7086
126.0300
9.1349
720.7500
1.9684
1.1815
125.8100
1.9665
1.1812
0.7087
125.7700
2.4500
1.5216
1.1791
125.4680
9.1115
2.4990
1.5209
1.1689
125.4100
9.1832
720.5000
1.5257
1.1640
0.7100
124.3700
9.2509
720.7200
1.9820
2.5562
0.7104
123.9490
9.3673
721.7200
1.9689
2.5779
1.5369
1.1705
0.7123
124.9500
722.8100
1.9676
2.5798
1.1698
0.7140
125.5000
9.2820
722.7000
1.9641
2.5000
1.5390
0.7138
125.0669
9.1570
723.2000
1.9434
2.5160
1.5363
1.1459
123.9350
9.2119
723.5000
2.5059
1.5426
1.1479
0.7002
123.4600
9.2147
3.7477
723.7200
0.9988
2.4489
1.1476
0.6994
122.9600
9.1699
723.7500
1.9771
1.1485
0.6995
123.0500
1.1474
123.0700
1.9693
2.4157
1.5455
1.1509
0.7045
124.4620
9.0954
724.2000
1.9672
2.4700
1.5404
1.1409
123.9509
9.1423
3.7446
724.2500
1.9711
2.4843
1.5368
1.1364
0.7003
123.6700
9.1579
725.0000
1.9666
2.4965
1.1397
123.7000
9.2164
724.7200
1.9679
2.4550
1.1406
0.7020
123.5390
9.1618
725.2599
1.5318
1.1404
123.5900
9.1799
1.9682
1.1405
123.4800
1.9794
2.4114
125.1010
9.1670
726.5839
1.9642
2.4740
1.1423
125.0850
9.1818
725.7200
2.4862
1.5376
1.1353
0.6973
124.5160
9.2232
726.7200
1.9241
2.4893
1.5347
1.1315
0.6982
123.6910
9.1902
727.7200
1.9366
2.5049
1.5301
1.1316
0.7000
123.7250
9.1679
728.5000
1.9360
0.6998
123.8200
1.9333
2.4580
1.5251
1.1341
0.7044
123.8910
9.1449
728.7200
1.9398
2.4860
1.5354
1.1396
123.5550
9.1286
730.5000
2.4798
0.7052
123.6600
9.1075
732.4809
1.9536
2.4649
1.5401
121.9140
9.1210
729.5000
2.4630
1.5406
1.1191
121.9350
9.0920
2.4640
1.5411
0.7026
122.0600
1.9462
1.5405
122.1000
1.9329
2.4977
1.5384
1.1146
0.7034
122.5200
9.1150
1.9141
2.5179
1.1074
121.7920
9.1370
729.5099
2.4899
1.5278
1.0955
119.4620
729.7500
1.9067
2.5022
1.0959
119.9650
9.0914
729.7300
1.8663
2.5190
1.0895
120.2320
9.1151
1.5418
1.0915
120.2200
9.1280
1.5428
120.2790
1.8781
2.5200
1.5454
1.0943
120.7150
9.1289
3.7463
730.2500
1.8717
2.5537
1.5478
1.0909
119.5770
9.1591
730.7500
1.8720
2.5217
1.0934
120.4779
9.1241
732.7300
1.8737
2.5308
1.5408
0.6911
119.9050
733.7300
1.8716
2.5470
1.5402
1.0951
0.6931
120.1010
9.0999
735.0000
1.8736
1.5421
120.2400
1.8715
120.1300
1.8880
2.5579
1.5415
1.0970
119.9830
9.1311
1.8876
2.5575
0.6892
120.1830
9.1539
736.0000
1.8889
2.5466
1.5456
1.0992
120.2100
9.1530
3.7482
738.0000
1.8812
2.5320
1.0912
0.6863
119.4790
9.2020
3.7484
737.0000
2.5649
1.5508
118.7990
3.7490
1.5507
1.0961
0.6878
118.8100
1.0984
118.9260
1.8968
2.5676
1.1017
118.7980
9.1950
3.7501
2.5634
1.5602
1.1256
119.1700
740.0000
2.5768
1.5573
1.1290
0.6865
120.7069
9.2570
3.7496
742.0099
2.5830
121.0180
9.3188
745.5000
1.5666
0.6845
120.1000
747.5000
1.9257
1.1033
120.1600
1.9481
2.6069
1.5626
1.1124
0.6858
120.9509
9.3978
746.0000
1.9177
2.6619
1.5654
119.1300
9.5500
746.2500
1.9167
0.6812
1.9372
2.6570
1.5672
8.2767
1.0983
0.6797
118.9070
744.0000
2.6859
1.5652
8.2766
117.4020
1.9907
2.6659
1.5705
1.0813
0.6824
117.8120
3.7502
744.2500
2.0133
1.0783
0.6813
117.3559
745.0099
2.0274
2.7829
1.5696
8.2866
1.0782
117.5900
744.5099
2.7978
1.0785
0.6815
116.2700
745.0500
2.0644
2.8542
0.6874
116.7200
2.0606
1.5707
1.0948
116.6800
0.6870
118.0000
2.0381
1.5702
8.2870
1.0920
0.6838
117.5800
744.0099
2.0263
2.7721
8.2872
1.0838
117.6600
2.0407
2.8079
1.5728
8.2868
1.0828
117.7700
9.5449
3.7517
2.8248
1.5782
119.5800
744.2599
2.0312
2.7631
8.2867
1.0993
119.4800
744.3999
2.0284
1.5775
119.5600
0.6788
119.7000
2.0198
2.7587
1.5751
120.2600
9.5096
2.0190
2.7618
1.5682
1.0882
120.8100
1.5677
0.6775
120.6900
2.0108
1.0903
120.5300
9.6020
1.9726
2.8350
1.5624
1.0889
0.6750
120.4900
1.9723
1.5625
1.0905
0.6737
120.5500
0.6742
120.4700
1.9715
2.8590
1.0871
0.6786
119.9600
9.6195
1.9978
2.8595
1.5656
1.0945
0.6862
120.2700
9.4758
744.1499
2.8666
1.0982
120.3900
9.3856
1.9956
2.8586
1.5657
1.1081
0.6918
121.5300
9.3812
1.9790
2.8679
1.5632
8.2865
121.3000
9.3520
744.3000
1.9766
1.0994
121.1300
1.0981
121.0400
2.8687
1.1010
120.9400
9.2965
1.9551
2.8580
1.5648
0.6906
121.2600
9.2272
2.8041
121.2400
744.3500
1.9736
2.8058
1.5788
1.1056
0.6926
121.1400
9.2179
1.9668
2.8481
1.5757
1.1133
0.6977
121.1900
9.2439
1.1130
121.2900
9.2050
2.8241
1.5785
1.1215
9.2555
2.8048
1.1226
0.7015
122.6400
9.2495
2.8212
122.9000
9.2500
1.9852
2.8519
122.9200
9.2924
744.5000
1.9927
2.8065
1.1210
122.7300
1.5770
0.6963
122.8000
1.1207
122.7700
1.9797
2.8300
122.0200
1.9842
2.8233
1.1055
121.9900
9.2791
1.9878
2.8130
1.5888
1.1113
122.4800
745.2599
1.9673
2.7782
1.5962
0.6840
122.0100
9.3150
744.7500
2.7605
1.5920
121.7200
745.1499
1.1082
121.6600
1.5919
121.7300
2.7307
1.5933
1.1138
121.7800
9.2422
745.0000
1.9477
2.6831
1.5921
9.2350
745.0199
1.9417
2.6998
1.5986
1.1143
745.2500
1.9401
2.6429
1.5992
1.1201
120.1900
9.2478
2.6299
1.6035
1.1177
0.6868
120.3300
9.2319
745.3999
1.9425
1.1186
120.3700
1.9448
2.8117
1.6034
1.1181
9.2829
1.9196
2.6398
1.1182
120.4000
9.3056
745.4099
2.6251
1.5946
1.1359
121.6900
9.2780
745.5600
1.9249
2.6227
1.5925
0.6941
121.6000
9.2398
745.7599
2.6341
1.5878
1.1338
122.4100
9.2455
746.1100
1.9157
2.6375
1.5896
8.2871
1.1312
122.9100
1.9135
1.5904
1.1310
122.9400
1.5901
1.1309
2.5270
1.5911
1.1388
123.1530
3.7500
1.9254
2.6160
1.5954
1.1329
0.7046
122.5700
9.1867
746.0099
1.9367
2.6433
1.6012
1.1374
123.0900
9.1859
747.1000
2.6263
1.6006
1.1393
0.7085
124.0000
746.6499
1.9315
2.6118
1.5993
1.1391
0.7106
124.2800
747.1100
1.5990
1.1392
0.7092
124.3000
2.5819
1.1367
124.0400
9.2087
746.7599
2.5508
1.5943
1.1321
123.9400
9.2722
747.2500
1.9180
2.5762
1.5847
1.1257
0.7013
123.1300
9.2944
748.0000
2.5952
8.2873
1.1261
9.3094
748.3500
2.6191
1.1162
123.4400
9.2599
748.0500
1.9178
1.1156
0.7022
123.3500
1.9357
2.5783
1.5773
9.2596
748.5099
1.9444
1.5716
124.2200
9.2484
748.7599
1.9316
2.5042
1.1254
124.1900
9.2640
749.9600
2.5449
124.7400
9.2703
750.7599
2.5043
1.5753
1.1249
125.5700
9.2219
751.0099
1.1234
125.6100
1.9455
125.5800
2.4632
1.1228
126.0900
9.2141
751.0000
2.4146
126.1800
9.1746
751.5099
1.9238
2.4350
125.8700
9.1659
2.4685
1.1202
9.1097
751.5000
2.4811
1.5608
1.1062
127.4400
9.1339
752.7500
1.5619
0.6879
127.4200
9.1089
1.5620
127.5700
9.0930
1.9335
2.4687
127.5800
9.1341
753.8999
2.4365
1.5733
1.1083
127.8300
9.1099
753.7500
1.9583
2.3955
1.5750
128.0099
9.1304
754.8500
2.4222
1.1107
128.5900
9.1937
756.5099
1.9706
1.5854
129.6700
757.2500
1.5843
1.1279
129.5200
9.1319
1.1271
129.6300
1.5938
129.8900
9.0890
1.9669
1.5981
1.1376
130.8800
1.9712
1.6013
1.1373
130.7700
9.1686
1.9710
2.4020
1.5982
1.1328
131.6900
9.1445
759.7599
1.9561
2.4062
1.1289
131.1400
769.0000
1.9595
1.1217
131.6800
9.1427
1.9619
2.3868
1.5924
1.1247
131.6100
9.2029
2.3942
1.5976
1.1071
132.1600
9.1059
760.1300
1.9447
2.3771
1.5983
1.1119
9.1389
760.6300
1.9222
2.3856
1.5960
1.1178
130.9700
9.1972
761.0000
1.9209
1.5961
1.1176
131.0300
0.6909
130.9300
1.4000
1.9294
2.4348
1.5988
1.1194
131.0200
9.1716
762.7500
1.9087
2.4255
1.5950
1.1200
0.6951
132.7200
9.2165
760.5099
2.4790
1.5972
132.8900
9.2316
764.5000
1.9123
1.1224
0.6942
132.5699
9.2856
762.2500
2.5276
1.5979
132.1200
9.2277
763.0099
1.5966
1.1212
0.6904
132.1999
9.2450
132.2899
2.4910
1.5955
1.1184
132.0900
762.0099
2.4697
1.5891
131.3800
9.2081
2.4809
1.5996
1.1322
131.8199
9.2132
764.0099
1.9433
2.4512
1.6099
1.1354
132.5600
9.1407
764.7599
2.4775
1.6128
132.5900
9.1632
1.6122
1.1311
132.5800
1.6154
1.1313
132.5000
1.9349
2.4639
1.6129
9.1350
764.0000
1.9000
2.4542
1.6090
1.1284
133.9200
9.1780
2.4712
1.6029
134.3700
9.1625
1.7550
1.9259
2.4821
1.6026
1.1400
134.8100
764.5099
2.4870
1.6107
1.1550
0.7094
134.3800
9.1709
1.6120
1.1583
134.4000
1.6093
1.1561
134.7100
2.4998
1.1594
133.5200
765.0099
1.9639
2.5194
1.5948
133.3400
9.1804
765.7500
1.9741
1.5890
0.7070
132.8700
9.1737
767.0099
2.5142
134.7400
9.1745
766.7500
1.9640
2.5028
1.1608
0.7057
133.1200
768.7000
1.9645
1.5905
1.1605
133.0600
2.0249
1.9616
1.1617
133.2400
766.5000
2.5158
1.5968
132.3499
9.1906
768.7500
1.9631
2.5135
1.5973
1.1527
133.8800
9.1447
769.5000
2.5108
1.6047
1.1528
133.6800
9.1327
773.2599
1.9643
2.5312
1.5991
1.1478
133.6300
9.1829
784.0099
1.9596
0.7065
134.6500
9.1046
792.0000
1.9584
1.5998
0.7075
134.7599
9.1500
1.1460
134.7200
2.5417
1.1420
133.4900
9.1161
797.0000
2.5488
1.1413
132.6900
9.0881
2.5516
1.5912
1.1480
133.4400
9.0582
827.0000
1.9354
2.5013
1.5922
1.1443
132.1100
9.1039
2.5297
1.5900
1.1452
132.6100
9.0783
1.1455
0.6988
9.0679
1.1454
132.5999
1.9297
2.5154
1.5929
132.7299
9.0898
2.5182
1.5907
133.6600
9.1129
927.0000
2.5175
1.1500
133.7800
9.0995
2.1949
1.9346
2.5116
134.2100
9.0902
971.0099
1.9518
2.5129
1.5970
134.0500
9.1110
0.6981
134.0800
134.0600
1.9467
2.5122
133.8199
9.0909
1087.9000
2.1499
1.9480
2.4746
1.6092
1.1576
134.6999
9.1152
1.9406
2.4857
1.6095
1.1554
0.7040
9.1266
1.9348
2.4476
1.6025
133.6500
9.1414
2.4563
1.1565
0.7050
133.3600
9.0980
1.5931
1.1557
0.7047
133.5300
1.9216
2.4321
1.5909
1.1504
0.7029
9.0958
1.9221
2.4155
1.1471
9.0986
1.9144
2.4203
1.5814
130.6600
9.0991
1.9048
1.5835
1.1334
127.1300
9.0838
1.9118
2.4634
1.5868
1.1440
128.5699
9.1006
1.5865
1.1432
128.6100
2.2349
1.5872
1.1436
128.5399
958.0000
1.9173
2.4428
1.5838
1.1426
128.3700
9.0904
2.4384
128.9499
9.1263
935.0000
1.9248
0.7067
9.1325
2.4373
1.5916
1.1333
129.3100
9.1400
1.9036
2.4361
8.2874
1.1335
129.1600
9.0879
1.5841
129.0800
1.1342
2.4380
1.5849
131.3700
9.0983
1.9101
2.4333
1.5848
132.0399
9.0845
1.8867
2.4375
1.5799
1.1298
131.4900
1.8863
2.4344
131.9400
9.0683
1.8853
2.4308
1.5778
132.8600
9.0715
1.8856
1.5772
1.1398
132.9200
9.0504
1.8871
1.1407
132.9300
3.6000
1.8869
2.4539
1.1395
133.3900
9.0325
2.8700
2.3479
1.5926
132.9400
9.0596
881.0000
2.9600
1.8956
2.3239
1.1456
132.7100
9.0352
922.0000
132.6700
9.0200
1.8748
1.5952
132.8199
9.0600
1.1494
132.6500
0.7017
132.7899
2.3029
133.4700
9.0297
930.0000
3.0000
2.3000
1.5939
0.6964
133.4200
9.0489
906.0000
2.9500
1.8788
2.3159
899.0000
2.7500
1.8851
1.5935
132.3400
887.0000
1.8859
131.7100
1.8861
131.6600
131.7299
2.7700
1.8932
2.2930
1.1434
131.5800
9.0568
919.0000
2.7800
1.8934
2.2800
0.6961
131.0800
9.0578
891.0000
2.7900
1.8825
2.2679
1.5928
1.1361
130.8199
9.0762
2.2829
1.5895
131.5500
9.1173
851.0000
1.8718
2.3772
1.5853
131.9799
9.1170
1.5860
1.8831
2.3220
132.0699
9.1995
888.0000
2.8999
2.3210
1.5822
131.2100
9.1923
909.0000
2.8399
1.8597
1.1229
130.6900
9.2529
856.0000
1.8551
2.4123
1.1227
129.9900
9.2559
1.8513
2.4135
1.1211
130.2899
9.3605
1.8519
1.5721
130.3100
1.8543
1.5730
130.4200
9.2699
3.1400
1.8498
2.3439
1.1246
130.0000
857.0000
1.8582
2.3610
1.5732
130.2200
9.2878
854.0000
1.8404
2.3519
1.5678
0.6900
129.5900
9.3163
846.0000
1.8409
2.3650
128.6999
9.3646
843.0000
1.8391
2.4525
1.1086
127.8500
9.3732
1.8395
1.5621
1.1090
127.9600
9.3275
1.8389
1.5628
127.8700
1.1067
0.6854
128.0699
9.3945
844.0000
2.9700
2.3620
1.5676
1.1111
128.5500
9.4318
3.0100
2.3630
1.1039
0.6830
127.5300
9.4434
3.1000
1.8665
2.3990
127.9200
876.0000
2.4859
1.5638
127.0100
1.8535
126.9600
1.8539
126.9400
3.1800
1.8537
2.4199
1.0891
127.1800
9.5541
921.0000
3.1899
1.0925
127.9400
9.5129
923.0000
3.2000
1.8534
2.4390
8.2875
1.1060
128.9400
938.0000
1.8386
2.4720
1.1000
0.6852
128.3900
9.5021
951.0000
2.5608
1.0944
127.6400
9.5290
1.5587
0.6833
127.6600
1.8369
127.6500
1.8271
1.5542
1.0973
127.8800
9.5722
980.0000
3.2200
1.8268
2.5080
1.5588
128.5600
9.5090
986.0099
1.8212
2.5040
1.5570
0.6847
127.6300
1001.0000
2.5931
1.5550
1.0968
0.6866
128.0900
9.4808
1.8104
2.5529
125.9600
9.4905
1.0860
125.8000
1.0869
126.0500
1.5427
125.4200
1.7970
2.5669
1.5378
1.0872
0.6851
124.1800
9.5174
1.7895
1.5322
124.2400
9.5658
1.7976
2.6082
1.5361
1.0853
125.0000
9.5259
2.6175
1.0863
124.7300
9.5619
1.7991
1.5343
1.0867
124.7000
9.5670
1.7979
1.0875
124.8500
3.4199
1.7951
2.5249
1.0864
0.6864
124.7800
9.5708
1031.0000
3.4900
1.7814
2.5280
1.0768
124.6100
1071.0000
1.7766
2.5150
0.6841
124.4700
9.7256
1123.0000
3.5899
1.7734
1.0675
0.6825
123.4500
9.7162
1151.0000
3.5700
1.7638
1.0709
1095.0000
1.7621
1.5280
124.3500
1.7654
124.2600
3.6099
2.5360
1.5277
123.6300
9.6767
1091.0000
3.6299
2.6070
9.7667
3.6499
1.5320
0.6850
124.4300
9.7586
1096.0000
3.6400
1.7366
1.5338
1.0552
124.1100
9.7837
1171.0000
1.7501
2.6370
1.0595
124.3900
9.7500
1146.0000
1.7498
1.5334
1.0602
124.4200
1.7509
1.5329
1.0605
124.4100
1.7532
2.6360
1.5399
1.0588
9.7262
1162.0000
3.4800
1.7533
2.7220
0.6796
125.3100
9.7204
1.7544
2.7810
125.7300
9.7010
1176.0000
3.5000
1.7650
2.7080
1.0601
124.9000
9.6731
1195.0000
1.7854
2.7925
1.0578
0.6768
9.6712
1.5463
124.2100
1.7826
1.0583
0.6766
3.5600
1.7903
2.6520
1.0589
0.6758
9.6241
1217.0000
3.5300
1.7670
2.7149
1.0506
0.6707
9.6815
1221.0000
3.5200
1.7696
2.7069
1.5407
1.0446
0.6706
123.9200
9.7734
1291.0000
1.7488
2.7749
1.5279
1.0367
0.6674
123.5200
9.9193
1301.0100
3.6699
2.8310
1.0299
121.4500
9.9319
1286.0000
1.5219
1.0298
121.3700
9.9649
1.7413
1.0319
121.3900
3.7800
1.7541
2.7770
1.0308
121.8800
9.8747
3.8700
2.8210
1.5154
1.0213
9.9276
1311.0000
3.8500
1.7867
2.8550
1.5196
1.0200
0.6556
120.0600
9.9778
1321.0000
3.8100
1.7728
2.8239
1.0119
0.6540
9.9664
1352.0000
3.8200
1.7746
2.8260
1.5190
1.0084
0.6522
119.4900
9.9550
1381.0000
1.0089
0.6525
1.7726
1.0087
0.6523
119.6200
1.7794
2.8980
1.0091
119.6700
10.0030
2.8950
1.0139
0.6512
119.9500
9.9957
1326.2500
3.5800
1.7856
2.8599
0.6546
119.8300
9.9788
1266.0000
2.8570
1.0214
0.6550
120.0500
9.9807
1296.0000
2.9518
1.0273
120.4100
9.9234
1.5244
1.0274
0.6574
9.8949
1.7937
1.0261
120.0400
3.5400
1.7708
2.8620
1.0096
0.6473
118.4000
9.9483
1351.0000
1.7634
1.0065
0.6457
118.0600
9.8713
1.7693
2.8500
0.6462
9.8552
1.7950
2.7940
1.0114
0.6432
116.9800
9.7611
1306.0000
2.8813
1.0095
0.6439
116.8700
9.7219
1287.0000
116.9100
1.0085
0.6438
116.8900
1.7858
1.5391
0.9966
0.6373
116.4300
9.7719
1301.0000
3.5500
1.7955
2.8750
1.5394
0.9883
0.6346
115.9500
9.6973
1316.0000
1.8146
2.8969
0.9930
0.6366
116.3500
9.7055
1.8057
2.8510
0.6357
116.5900
9.6926
1310.0000
1.7966
2.9354
0.9882
0.6341
115.8900
9.7018
1252.0000
0.9878
9.7149
115.8500
1.8262
2.9462
0.9915
116.2300
9.6376
3.6600
1.8584
2.9190
0.6399
117.5700
9.6913
1319.0000
1.8365
2.9440
1.0050
0.6361
116.7500
9.6830
1.8468
2.9950
1.5689
0.9957
0.6312
116.4100
9.7390
1.8677
1.5869
1.0133
0.6391
118.8300
9.7187
1.0147
118.8800
9.7650
1.8499
3.2660
1.5727
1.0198
0.6398
9.7382
1331.0000
3.7000
1.8401
3.3540
1.5754
1.0169
0.6353
120.2300
9.7720
1341.0000
3.7400
1.8415
1.5846
1.0234
0.6393
119.9300
9.8979
1354.0000
1.8542
3.1299
0.6407
119.3200
9.8443
1350.0000
1.8550
3.1852
1.5852
1.0137
0.6370
118.9500
9.8407
1.0130
0.6375
9.8175
1.0136
0.6369
3.0863
1.5965
9.8234
1344.0000
3.1150
1.0353
0.6504
120.8200
9.7566
1348.0000
3.0200
1.0262
0.6495
9.7614
1353.0000
1.8734
2.9350
1.0341
0.6531
121.0200
9.7401
1356.0000
1.8673
3.0249
1.0306
0.6562
9.7759
1364.0000
0.6559
1.8698
1.0313
120.1500
1.8532
3.1600
1.0221
119.0800
9.9529
1371.0000
1.8614
3.1650
0.6505
118.4900
9.9553
1346.0000
1.0210
0.6508
117.3600
9.9871
1376.0000
1.8447
3.2100
1.0185
117.4000
9.9349
1367.0000
1.8328
3.1200
1.5596
1.0152
0.6499
117.7300
9.8268
1377.0000
1.8345
1.0170
117.7400
9.8109
1.8321
0.6498
1.8488
3.1010
1.0244
118.6500
9.7539
3.6200
1.8307
1.0215
9.8257
1392.0000
3.0880
1.5566
1.0199
0.6529
118.5600
9.8297
1408.0000
1.8471
3.1410
1.5599
1.0321
0.6573
119.9900
9.8574
1403.0000
1.8411
3.2198
0.6579
9.8562
1.5572
0.6576
119.7200
9.8499
1.0283
119.6000
3.0939
1.5558
1.0290
0.6572
119.7400
9.8527
1391.0000
1.8068
3.1350
0.6518
118.2100
9.9171
1410.0000
1.5597
118.7400
9.9337
1405.0000
1.8116
3.0720
1.5591
0.6458
118.1600
9.9393
1418.0000
1.8168
3.1535
1.5590
0.6450
118.3500
9.9656
1.8175
1.5593
1.0201
0.6464
118.7300
9.9570
1.8186
1.0181
118.4500
3.0891
1.0168
0.6461
118.1800
9.9419
1.8266
3.1090
1.5533
1.0033
117.1500
10.0610
1432.0000
1.8340
1.0074
118.0400
10.0090
1445.0000
3.1550
118.3900
10.0350
1441.0000
1.8267
3.1629
1.5595
0.6411
118.5700
9.9923
1462.0000
1.0187
0.6419
118.5900
9.9900
1.8277
1.0188
1.8245
3.1050
1.0209
0.6424
118.9100
9.9588
1461.0000
1.8233
1.0251
0.6429
10.0000
1500.0000
1.8251
3.1099
1.5804
0.6437
120.3400
10.0150
1493.0000
1.5876
1.0186
0.6404
120.0300
9.9764
1453.0000
3.2054
1.5801
1.0293
0.6447
121.7600
9.9629
1.8185
1.5806
1.0346
1.8177
1.0302
0.6448
121.8700
3.2170
1.5813
0.6492
122.2800
10.0050
1437.0000
3.2490
1.5817
0.6487
121.9800
10.0109
1465.0000
1.8226
3.3580
1.5791
8.2768
1.0229
0.6452
10.0440
1453.5000
3.6800
1.8199
3.4500
0.6431
121.5100
10.2000
1470.0000
3.5312
1.0182
0.6433
123.3000
10.3110
1.8325
1.5738
123.3600
10.2630
1.8322
1.5734
1.0195
123.4100
1.8398
1.5824
1.0226
123.9700
10.2799
1451.0000
1.8396
1.0192
0.6417
10.3100
3.7020
1.0245
0.6422
10.2609
1463.0000
3.7620
0.6421
122.2700
10.1430
1471.0000
3.8368
0.6408
10.1880
1.5789
1.0269
1.0193
0.6405
122.6000
3.7559
1.5871
1.0128
0.6377
121.7000
3.7600
1.8379
3.6150
1.5818
1.0176
0.6389
10.1259
1473.0000
3.6629
1.0135
122.8900
10.1290
1486.0000
1.8310
3.6950
1.5918
1.0125
122.7000
10.2010
1498.5000
1.8308
3.7757
0.6388
123.1900
10.1780
1489.0000
1.5934
1.0217
10.1920
1.8294
123.2100
1.8197
3.7610
0.6382
124.2900
10.2220
1498.0000
1.8311
3.7330
1.0219
10.1770
1.8225
3.7997
1.0105
0.6392
123.2800
10.2570
1.8248
3.9600
1.0141
0.6394
123.6200
10.2100
1479.5000
1.8202
4.0316
1.0132
0.6403
124.0600
10.1350
1.8238
1.5867
124.0500
10.1300
0.6401
124.1600
1.8295
3.8900
1.5862
124.3100
1.8306
3.8399
1.5873
0.6443
10.1450
1429.5000
1.8218
3.9207
0.6435
124.4900
1.8158
3.8999
1.0301
0.6451
125.0600
3.8799
1.5737
1.0286
0.6469
125.5500
10.0020
1418.5000
0.6470
125.5600
9.9867
1.0285
0.6468
125.4300
1419.0000
1.8041
3.9159
1.0271
0.6485
124.9600
9.9414
1426.5000
1.8077
3.9110
1.0228
125.1600
9.9885
1413.0000
1.8090
3.9169
1.5644
9.9413
1433.5000
1.8050
3.8149
1.0232
0.6434
9.9962
1.7999
3.8885
1.5680
1.0247
124.3400
0.6449
9.8200
1.7995
124.2000
3.7759
1.5589
10.0909
1386.0000
1.7956
3.8300
1.5629
123.0000
10.2159
1380.0000
1.8082
3.7149
1.5661
1.0161
10.2080
1400.0000
3.6429
1.5578
1.0104
10.2040
1429.0000
1.7891
3.7054
1.0035
0.6397
10.2170
1.0037
122.2100
10.1910
1.0031
122.1400
1.7816
1.5546
1.0025
122.3000
10.2150
1427.0000
1.5568
121.8500
10.2050
1393.5000
1.7748
3.6610
1.5541
0.9971
121.8300
1374.5000
1.7658
3.5880
0.6330
121.1800
10.2890
1393.0000
1.7715
3.6316
0.6288
119.8400
10.3330
0.9846
0.6282
1.5643
0.6289
119.8500
1.7819
3.5249
1.5700
0.9899
0.6303
10.3490
1362.0000
3.6240
1.5777
0.6291
119.6500
10.3190
1.7873
3.7128
1.5749
0.9933
0.6309
10.2720
1.7759
0.9958
120.5200
10.2479
