2024.994000
6074.982000
2039.994000
4079.988000
86.521200
28.840400
34.200000
10.373000
80.746000
419.458900
874.794000
809.760000
714.704300
1429.408600
20.746000
115.361600
1445.189800
4049.988000
40.373000
1637.400000
8099.976000
57.680800
100.932500
1258.376700
2097.294500
367.876400
3499.176000
551.814600
838.917800
2146.962000
356.898000
5248.764000
183.938200
535.742400
178.580800
6119.982000
20.186500
17.100000
2624.382000
4293.924000
2936.212300
2516.753400
173.042400
1103.629200
1749.588000
1427.592000
1677.835600
1070.694000
5.700000
11.400000
713.796000
357.161600
5.186500
22.800000
25.932500
15.559500
60.559500
12149.964000
10124.970000
3775.130100
6998.352000
288.404000
31.119000
722.594900
3578.270000
3399.990000
699.098200
3374.990000
818.700000
259.563600
46.678500
8159.976000
10199.970000
735.752800
144.202000
2167.784700
1619.520000
919.691000
4373.970000
2141.388000
14279.958000
12239.964000
3612.974500
23190.651792
24938.476108
16199.952000
28.500000
892.904000
63.873264
104.238750
2144.112900
2429.280000
20249.940000
2456.100000
16319.952000
41.492000
27055.760424
45.600000
57.000000
5165.776980
36.305500
121.119000
6440.886000
161.492000
300.535620
8747.940000
3355.671200
3239.040000
111.150000
714.323200
6123.558000
8587.848000
3573.521500
51.865000
2858.817200
201.865000
201.882800
109.202500
14174.958000
4048.800000
21101.787476
230.723200
18359.946000
4335.569400
3274.800000
7873.146000
4768.409520
1516.151800
114.166250
64.797600
2890.379600
758.075900
2274.227700
89.347500
10734.810000
4194.589000
181.678500
59.397800
1784.490000
141.305500
23020.131792
20399.940000
1250.065600
401.842400
18224.946000
58.959936
1071.484800
12881.772000
10773.379708
4288.225800
210.356608
74.456250
327.857040
2855.184000
5563.144440
51.300000
94.311250
54.046608
75.597200
3032.303600
39.900000
4371.042060
68.786592
452.072700
17175.696000
355.178460
72.265360
248.603264
552.498375
1096.871750
1657.495125
2742.179375
1104.996750
2762.491875
1645.307625
548.435875
4387.487000
3867.488625
4972.485375
4419.987000
3290.615250
2193.743500
2209.993500
136.800000
4935.922875
9944.658192
3839.051125
3314.990250
5484.358750
6032.794625
1943.982000
4535.958000
4917.835600
3688.376700
3728.555400
4971.407200
1242.851800
2232.818100
72.894000
501.660000
24.294500
33.774500
196.805400
210.588000
424.845000
392.658000
2944.582000
744.272700
107.982000
359.952000
134.982000
107.988000
269.970000
161.982000
42.386700
45.588000
259.122192
337.446175
45.419670
59.970000
60.559560
179.976000
469.794000
780.818200
135.078000
606.996000
198.036000
1409.382000
15.139890
30.279780
973.358100
404.664000
5864.040000
2348.970000
493.283700
13089.375000
262.407200
4228.146000
330.462000
4697.940000
2401.050000
3123.272800
1213.992000
270.156000
8796.060000
2342.454600
6544.687500
1200.525000
1839.382000
4398.030000
7961.082136
648.905400
6230.721224
5235.750000
894.186000
4895.566676
2818.764000
72.883500
1800.787500
856.944000
1561.636400
1622.263500
1188.216000
68.382000
2977.090800
1295.988000
22.794000
224.514000
143.976000
157.941000
109.341000
1046.280000
708.075000
184.122000
156.310000
3239.970000
125.415000
1255.536000
135.098000
98.902300
88.932000
20.520000
409.179792
404.946000
550.776000
70.644500
75.699450
6147.294500
71.988000
1472.291000
485.946000
124.985476
418.512000
431.952000
7457.110800
180.129000
151.398900
237.528676
540.387000
209.256000
7376.753400
736.145500
283.230000
3887.964000
598.342500
1229.458900
9942.814400
196.329000
837.024000
48.589000
182.235000
105.000000
179.970000
314.958000
1464.792000
588.987000
52.647000
113.970000
97.178000
13976.489520
12294.589000
35.982000
89.988000
647.994000
202.647000
5831.946000
9835.671200
113.031200
250.830000
2485.703600
357.295950
581.247000
5209.908900
35.994000
1488.545400
449.940000
3926.812500
1466.010000
596.124000
3601.575000
147.232162
7853.625000
251.958000
214.236000
3288.558000
67.539000
47.976000
202.332000
1879.176000
600.262500
56.515600
166.538790
3904.091000
939.588000
396.072000
377.958000
131.203600
14.128900
298.062000
44.994000
8591.357775
2137.562700
4201.837500
30.000000
752.316400
224.970000
2271.168900
375.081476
3995.743024
10262.070000
84.773400
6545.796400
14880.002088
211.958460
121.119120
376.727250
5785.669708
792.144000
202.617000
53.994000
119.940000
447.093000
13194.090000
428.472000
6823.784688
1946.716200
324.452700
495.693000
657.711600
215.976000
2932.020000
2617.875000
468.867476
1308.937500
1011.660000
45.000000
7330.050000
145.788000
2458.917800
461.578500
67.549000
141.615000
101.323500
65.601800
2092.560000
360.258000
36.447000
266.796000
2208.436500
83.958000
376.245000
566.460000
2591.976000
613.803792
215.964000
194.356000
60.000000
627.768000
705.280950
149.676000
275.388000
785.316000
159.558000
359.940000
23.988000
90.839340
91.176000
323.964000
182.352000
809.328000
9162.562500
1341.279000
3244.527000
986.567400
981.645000
205.146000
105.294000
28.257800
317.596400
3721.363500
8606.212300
11065.130100
564.151500
6752.529476
459.212600
368.529000
164.427900
328.855800
149.031000
136.764000
168.872500
3001.312500
1820.988000
1416.324000
3758.352000
5340.618192
1973.134800
1618.656000
1471.505600
16665.601680
472.773000
2108.434328
11728.080000
6002.625000
306.870000
270.196000
1766.961000
1101.552000
1475.722710
4465.636200
302.309224
12428.518000
1674.048000
227.940000
4416.873000
177.864000
90.000000
393.610800
12951.344252
5153.018500
8699.962600
2775.292576
61.560000
242.238240
3680.727500
6214.259000
75.000000
2595.621600
287.952000
147.710108
1315.423200
587.734125
127.160100
11.994000
41.040000
355.728000
95.952000
5183.952000
2231.868072
382.499880
697.699632
218.682000
242.945000
900.645000
165.231000
1287.567400
121.472500
2920.074300
642.708000
2630.846400
4684.909200
2023.320000
1297.810800
511.491792
136.259010
594.108000
337.695000
5402.362500
405.234000
1584.288000
6954.908675
6136.684125
67.748775
328.009000
2795.274300
269.964000
71.964000
150.000000
7773.133225
539.940000
323.946000
666.098675
6255.135964
2466.418500
596.740424
1000.437500
2181.562500
782.990000
2049.098200
2071.419600
2443.350000
74.838000
849.690000
552.366000
1260.903000
1177.974000
170.061500
14128.739184
476.394600
4802.100000
607.851000
364.470000
1609.879320
280.715708
267.726592
107.946000
826.164000
598.704000
6479.940000
263.235000
962.037450
337.745000
590.416200
1043.217000
1782.324000
822.139500
720.516000
626.916400
120.000000
102.600000
745.155000
368.244000
15.000000
396.995500
145.767000
562.653476
85.815115
10471.500000
19149.755625
2301.990600
14660.100000
1386.252000
444.660000
1416.150000
783.645500
299.352000
448.856954
752.490000
5954.181600
1376.940000
443.278108
554.116108
716.104424
1808.706900
1479.851100
6246.545600
660.924000
1150.995300
990.180000
229.479936
991.305000
11185.666200
547.056000
1080.774000
1374.303000
3124.130100
495.769500
315.882000
1655.443800
8182.245500
421.898040
944.874000
13640.001914
846.355950
316.423530
187.386388
141.289000
477.376424
2045.879066
16305.904440
639.557996
2219.815980
15276.801540
7364.020950
9409.582325
5465.727400
8363.657120
2300.110176
1963.290000
533.592000
893.375725
377.145725
82.080000
692.170560
564.205950
744.463225
97.247250
6625.309500
369.160785
1826.189624
160.616904
198.940000
1916.758382
170.520000
297.746625
12811.782060
16059.807000
374.190000
6698.454300
328.023000
540.312000
627.075000
801.697875
456.544825
11780.437500
1132.920000
429.618000
963.858000
444.483000
416.845275
1883.304000
755.841268
383.948712
613.740000
1570.632000
813.982904
236.421500
122.748000
490.992000
688.470000
303.970500
1192.248000
666.724500
426.957550
501.516400
263.686275
664.954108
76.781945
15306.134116
245.496000
103.881455
529.960500
413.082000
478.674000
255.129000
137.694000
61.374000
7980.262108
291.576000
527.418150
877.905000
2378.822208
281.265360
334.002615
639.371700
436.695050
427.387500
233.774575
196.862800
2564.548275
1274.535000
298.844445
135.000000
119.976000
323.994000
971.982000
338.994000
677.988000
1846.776000
88.164000
8261.964000
4175.982000
80.172000
37.152000
48.588000
145.782000
449.622000
158.430000
1310.724000
873.816000
312.557476
64.788000
323.940000
58.776000
304.800000
80.302050
65.988000
33.390000
72.000000
26.767350
179.964000
6959.970000
461.694000
316.860000
266.700000
144.324000
11.976000
194.364000
37.254000
787.387500
335.952000
923.388000
475.290000
32.544000
26.970000
436.908000
149.874000
66.918375
114.300000
1525.804800
149.970000
13.383675
191.700000
164.682000
117.552000
288.000000
40.151025
129.576000
1430.442000
19.080000
2186.730000
48.576000
228.600000
94.752000
72.876000
1204.692000
60.720000
283.948875
48.816000
485.988000
851.846625
567.897750
274.470000
728.910000
2860.884000
762.902400
63.900000
2915.640000
54.942000
1135.795500
59.988000
4291.326000
127.800000
16.182000
360.000000
131.976000
32.364000
190.500000
239.952000
161.970000
29.994000
2041.188000
647.988000
48.546000
5.988000
29.388000
2288.707200
125.982000
16.272000
74.304000
1376.994000
31.584000
655.362000
53.448000
377.946000
1016.982000
792.150000
97.188000
2783.988000
218.454000
633.720000
6884.970000
1694.970000
140.904000
2308.470000
48.594000
65.088000
83.988000
599.496000
9743.958000
72.882000
126.336000
8351.964000
9638.958000
26.724000
749.370000
1619.970000
950.580000
1385.082000
1295.976000
4130.982000
1092.270000
1355.976000
1039.351500
971.976000
259.152000
28.620000
1254.000000
439.152000
187.371450
8.244000
2372.958000
102.858000
46.968000
194.376000
24.288000
269.946000
615.576000
1109.010000
2033.964000
26.946000
255.600000
93.685725
421.176000
12392.946000
451.356400
574.645500
209.958000
260.064000
216.486000
218.628000
107.069400
505.307600
8187.000000
299.748000
391.796625
437.605476
497.681250
84.550950
53.534700
76.200000
89.982000
12.144000
216.000000
576.000000
41.716400
3061.782000
858.900000
5.394000
263.952000
470.155950
111.762000
63.168000
72.162000
200.755125
620.615050
10205.940000
167.041392
1717.800000
44.082000
3990.094108
342.900000
423.146625
70.615875
97.176000
1344.588000
4294.500000
281.057175
2016.882000
10.788000
54.894000
1457.820000
74.508000
24.294000
2576.700000
43.152000
7144.158000
2267.958000
5925.040275
672.294000
218.646000
186.270000
5102.970000
4661.980125
1020.594000
9185.346000
21.576000
360.810000
4033.764000
2753.988000
5507.976000
167.976000
32.994000
8.982000
73.470000
433.120800
56.209076
152.400000
4082.376000
3361.470000
337.567076
111.456000
23.484000
5.496000
293.958000
41.994000
585.116400
98.982000
1391.994000
432.972000
71.538824
170.058000
6123.564000
1419.744375
1457.964000
511.200000
3051.609600
219.576000
5721.768000
145.752000
1807.038000
109.884000
1703.693250
3814.512000
7152.210000
288.648000
149.016000
1.374000
976.360500
398.942908
38.100000
381.000000
602.346000
200.052000
214.138800
267.673500
6103.219200
189.504000
9.540000
4259.233125
194.881624
1200.312000
2271.591000
89.248225
750.288000
2555.539875
197.964000
226.758000
46.930950
1000.260000
800.208000
439.536000
1028.700000
5421.114000
5102.370000
1987.642125
117.420000
2409.384000
6023.460000
27.654000
4.122000
14.310000
97.182000
251.964000
14.970000
106.896000
9.618000
621.686175
400.104000
600.156000
242.994000
109.788000
144.000000
4.770000
14.694000
32.394000
291.546000
17.964000
66.428908
639.000000
307.824525
29.940000
437.588424
11015.952000
191.940375
5567.976000
1049.118000
1943.964000
2.748000
38.160000
37.758000
145.764000
2689.176000
93.945500
53.940000
61.318992
2915.946000
3435.600000
132.246000
34.035792
6050.646000
160.604100
375.075792
340.971792
369.386108
383.400000
97.632000
2101.204280
8531.399800
364.380000
213.792000
4093.500000
4858.560000
18461.552424
157.920000
1127.505600
116.987000
3691.335375
1600.416000
7629.024000
5831.280000
10013.094000
3614.076000
6866.121600
3975.284250
17616.370044
3011.730000
8286.248880
4373.460000
133.620000
11135.952000
13769.940000
2770.164000
658.255950
93.936000
121.470000
2.994000
242.970000
153.894000
1747.632000
234.840000
388.752000
1700.958000
368.254992
8582.652000
12206.438400
4818.768000
26159.208075
55.308000
3407.386500
12064.488425
3310.027050
4216.422000
4577.414400
1128.600000
3123.437625
607.387500
164.826000
796.290000
19930.825200
83.077500
3568.980000
5153.400000
13331.509125
19552.880050
8164.752000
899.244000
5340.316800
3239.940000
397.027400
397.800424
36.872108
153.121276
479.566175
954.912000
11602.112592
180.961508
63.262920
522.395500
321.208200
564.038750
54.225360
340.158000
8391.926400
58.383000
299.940000
120.453075
530.860000
194.352000
219.768000
329.364000
72.864000
728.982000
12568.955308
133.836750
507.775950
49.706580
227.522475
109.228500
146.940000
2591.952000
3683.163792
13535.798024
66.462000
535.985725
44.323675
828.675000
1198.992000
630.396250
769.470000
2184.540000
663.575000
818.496000
291.504000
1801.032240
47.700000
81.360000
6478.080000
329.940000
4912.200000
173.987775
3050.946000
160.344000
307.788000
564.195500
432.000000
266.966112
598.451308
3222.748424
217.532425
185.760000
79.853675
469.214200
9154.828800
6.870000
57.360050
763.111250
14906.159268
528.448800
8.990000
1214.850000
34.990000
2319.990000
9.990000
4.990000
32.600000
3.990000
159.000000
49.990000
1700.990000
35.000000
742.350000
28.990000
2384.070000
539.990000
21.490000
24.490000
24.990000
2294.990000
21.980000
769.490000
29.990000
1120.490000
53.990000
564.990000
2.290000
54.990000
63.500000
7.950000
69.990000
1529.178000
249.542800
41.988000
104.970000
62.982000
23.850000
3212.082000
230.328450
6012.300000
258.548108
444.036175
125.964000
20.958000
4232.171625
238.659792
2498.286000
42.930000
146.958000
36.432000
83.976000
20.994000
209.970000
187.872000
319.500000
477.387792
371.520000
260.778000
526.470000
6549.600000
1584.300000
644.486024
877.674600
230.958000
167.952000
291.564000
164.970000
731.395500
504.000000
148.608000
16958.140108
1267.440000
12527.946000
2762.355792
600.754825
274.234125
62.574600
278.436424
492.734592
1425.870000
372.354400
2483.385072
1400.364000
648.000000
714.375000
112.734600
496.275725
15109.043675
292.516400
12873.978000
7595.728140
70.452000
2839.488750
252.672000
1800.468000
6847.469328
9667.290360
222.912000
676.037908
383.927775
1316.700000
923.364000
97.152000
7368.300000
2186.946000
14349.195476
13919.940000
240.516000
4706.058000
665.880600
95.539125
419.940000
194.974000
243.717500
367.609800
83.298100
1691.258400
499.085600
563.752800
109.296000
188.946000
548.940000
742.950000
592.405275
2429.940000
5668.320000
255.920500
1566.000000
85.008000
548.546625
5378.352000
223.524000
82.962000
11443.536000
209.940000
58.744140
14304.420000
6560.190000
10635.269876
429.630824
297.216000
1214.970000
204.736400
597.217500
1003.200000
417.916400
13.740000
14505.505476
4811.159276
1133.838000
1259.820000
940.500000
914.400000
7418.091772
23.952000
3644.550000
850.378500
296.946000
89.437500
1065.900000
9917.731200
1951.118260
17986.984125
818.883000
22422.178350
16020.950400
110.616000
6276.846884
2084.675208
517.170108
10156.146000
7005.751676
437.346000
556.952424
841.104825
15.619632
98.642775
720.000000
16261.264656
624.034992
655.884000
126.548576
329.652000
786.949800
510.258000
1943.952000
15653.667792
7988.714216
437.364000
648.824825
6722.940000
22963.365000
505.134000
510.132000
365.645500
303.798432
485.940000
121.440000
8279.524708
1191.300000
7642.638192
1512.000000
39.109125
886.704000
729.932500
75.156400
187.068000
14220.276400
284.256000
221.088000
422.343936
1561.786996
728.940000
278.481896
1650.946220
461.682000
384.258000
39.708424
10.992000
1007.856000
3231.858000
3376.233476
103.340050
10680.633600
9441.773550
574.635050
218.771476
1348.866000
31.199476
138.052992
17142.870108
20385.248675
437.256000
298.032000
77.987000
97.487000
698.634000
49.387000
98.774000
258.082400
5730.900000
1504.800000
445.410000
1336.230000
890.820000
767.965275
4155.246000
343.819476
2672.460000
2227.050000
4454.100000
7289.100000
1781.640000
3563.280000
631.764000
164.388000
447.300000
78.923625
334.368000
21176.501775
27893.619000
800.100000
18685.148625
572.032076
244.718936
3117.870000
430.984125
488.448675
52.145500
310.798675
4641.469140
5063.420880
23667.854925
48.743500
3693.552000
5248.537392
694.825725
6981.801750
1966.086000
4008.690000
329.080950
406.332108
4514.316400
274.710000
74.080500
148.161000
70.459125
2690.333828
583.152000
696.753750
5277.636000
804.535050
20607.311175
15824.187792
24.693500
1196.829000
1097.618175
211.356000
552.416592
19186.116400
16886.578225
5818.168125
67.798800
135.597600
203.396400
271.195200
113.274000
474.591600
4616.940000
108.037325
242.940000
406.792800
169.565088
233.974000
123.467500
19136.137500
506.381876
728.040824
5078.605950
