1971.5149
124.2483
3153.7696
2775.1646
40.2681
2344.9921
1375.9427
486.3747
586.1203
3461.7654
70.5175
587.5603
780.8136
587.6023
357.9614
251.9407
546.8759
1363.2660
747.1011
942.0740
125.8032
1093.6394
1323.0668
371.8002
4107.1489
537.2612
263.2010
332.4768
120.8042
1222.8838
3271.4942
124.2027
83.9802
3696.3979
1969.5564
1978.3257
3787.4632
286.2616
271.9992
55.9279
269.9992
3174.1988
1943.9942
823.6669
90.6637
86.9292
1753.9148
1969.9765
982.9377
651.4975
194.3994
2530.0725
167.9604
1058.7224
195.3874
689.0520
1317.0672
375.2443
1057.2843
2244.4088
2987.8703
164.9658
3703.8969
1268.2589
391.2268
3149.2911
206.1084
4734.6070
413.6232
899.9490
1110.9858
3973.7250
11871.5033
686.9474
1977.1163
391.6788
2087.8858
1488.4458
3725.7234
1763.0175
11215.3536
5.9280
1664.9942
1388.4649
199.3984
7234.3070
3126.3148
1587.1682
3118.7048
3121.4886
416.1227
4912.9311
4908.5808
1147.8551
3323.6782
2177.0702
5091.7865
1.6149
1093.5814
950.9438
3162.1366
1407.7759
246.3213
2461.1244
1867.3968
1896.6545
1258.9537
3522.2975
782.4537
388.7988
3788.8057
2050.8186
80.9856
2538.7545
584.8735
2702.1800
2467.5891
0.9880
3611.5620
195.8394
130.1463
780.4777
1981.2698
7108.6377
482.6446
201.3403
634.7888
429.1119
393.8955
1021.8926
4074.6130
579.2061
1571.2800
1199.6777
7884.6612
941.2667
336.5312
365.8110
585.6263
1555.4136
208.2285
1329.5349
1600.6864
1117.8610
3114.7108
3894.0507
3221.1056
6434.5384
1953.6222
1241.5408
329.0327
4709.9034
2597.0004
6232.6603
390.2388
1484.4652
249.8450
1369.0260
8770.4397
1777.1149
5352.7901
3406.4582
1966.5222
2468.9735
4.9990
3880.2722
4227.3062
8429.9843
5560.3534
531.6969
1563.8774
4223.3908
391.7208
369.3007
444.9768
329.4822
2302.0370
5966.6810
909.0158
3108.9064
981.6471
2656.7147
3035.8574
748.3930
2832.6003
0.4940
3607.8761
1814.8608
1788.0473
743.5092
1185.3141
2650.9602
18.1486
708.0939
2503.8964
4054.7426
248.9004
363.3115
3261.5788
2025.9951
3288.8663
2531.0135
289.6636
785.3757
58.4166
4027.9405
3153.9030
987.2640
325.0934
6486.0468
620.6550
2739.4933
2861.0179
115.7500
1484.2606
1168.3305
451.3461
1891.6827
1719.9719
290.5626
1918.3929
3364.0035
3424.4400
3785.3689
402.6806
4191.0645
975.3266
161.0722
4184.7103
4095.8220
526.8832
2392.6560
12277.2447
5547.7921
2509.9987
2513.7186
7145.4158
3972.4763
1586.9986
588.0543
10451.1044
10093.3592
2197.4479
1870.0282
8346.4572
2268.1124
71.2960
5562.4486
143.0861
3715.1205
4879.1971
1560.5279
36.2971
2016.0771
945.8853
6654.9216
4705.4436
2759.3704
3939.1506
9418.0316
583.1983
2893.9677
2934.3889
2702.7356
80.5361
1675.7994
92.4168
4049.5306
1852.5928
4584.2649
3323.2762
207.2839
3678.4202
4506.0572
222.4884
2951.6547
5621.0332
637.5007
3850.4499
4066.1825
2851.9856
2521.4019
1371.4835
997.3847
4401.1682
8579.0689
45.7665
1243.5426
225.0756
1041.7339
2731.2648
1349.8518
3616.5581
2460.7397
588.6198
501.8763
7899.5185
8924.1680
331.1415
204.7844
558.2675
393.6548
2937.7418
2075.4606
996.4857
6689.0216
6473.0955
1999.8143
1192.6689
211.1775
4549.7243
9573.5864
4124.1171
3126.7668
2464.7350
40.7176
2810.5680
2839.3188
12.4975
231.0887
4443.0164
8357.7862
75.4820
1393.5686
3334.5876
10104.0859
1312.6866
5770.8753
3209.0239
3924.2725
1644.2333
4631.2045
460.7338
2613.3362
2666.1894
3901.9785
3126.8358
486.4007
1368.9840
3819.0898
134.2407
418.3278
288.7646
2727.3519
1853.8740
1272.4185
1894.4513
3710.5011
2134.2282
526.9288
3002.5801
2298.1792
7032.2178
1519.7731
1067.6341
5089.8485
2306.4044
298.8365
2357.0048
2702.0418
574.0851
2306.9054
1173.7225
783.4267
1823.6502
2358.7032
2761.3430
362.4125
3900.9485
6430.8154
688.0011
584.6383
2835.2095
2802.9807
98.6847
1225.5308
164.5163
782.9057
2725.2950
2881.4668
1433.2047
2855.5011
3829.7954
3220.9473
5236.5823
2.4995
3301.3992
1564.3714
2334.1531
617.7973
1519.2444
1960.3524
8621.6389
2554.6464
2132.8797
1957.7712
1951.1942
2194.5119
588.2628
2739.6669
8279.2688
1149.0641
1365.1160
1756.3428
225.3432
1612.6680
1446.9949
4924.1912
5875.6283
2885.9008
1366.5560
978.2931
5872.4749
1309.2425
3711.3740
248.4966
2182.1561
1168.8245
6069.1071
5940.8882
5.9870
1933.9505
2676.2329
406.3932
4906.9384
1345.4767
2629.4221
1699.6176
5485.7224
2665.7893
245.0524
3333.7554
6051.3981
2022.8296
5577.1425
1839.3806
904.4418
1169.2765
3035.1872
1853.6128
2763.1621
141.0350
3466.1888
698.3334
5227.5783
9342.8615
409.5688
638.5446
3616.9065
1078.6811
2058.2089
2097.3014
2733.1119
4104.1139
5.7293
5414.8783
72.5943
325.5886
860.7296
1171.7045
3913.0885
735.1573
4872.2725
5275.9397
1072.0901
6646.5981
2446.8726
6317.9194
2199.4740
3125.2735
586.0783
5467.7498
2445.4114
416.8878
6030.6017
3316.0510
1462.8511
3113.2708
7604.6031
1027.3661
782.9477
2705.2830
2821.9908
788.0050
5638.9922
372.7448
1732.0409
3002.1867
4436.2300
3914.8964
2501.0379
362.1265
3912.6015
6639.6938
981.2571
302.3847
278.7026
3039.4463
2560.4146
1082.0904
3369.8811
5672.9038
2812.0331
2831.3616
2646.2468
947.2795
5140.4988
2172.5002
948.2936
3915.5856
2364.9622
281.5903
347.7042
2317.2346
3034.4835
331.5322
658.0197
3095.8235
3214.2674
3092.8448
1370.5080
253.4956
2683.0350
2522.1943
289.1685
783.4417
208.6078
2976.8317
451.7956
2878.2060
1174.6685
2929.0788
98.1561
2088.1545
2344.3971
332.8807
2513.8817
1832.9265
2842.0067
4703.6077
4463.9059
3263.1048
5355.7207
223.7283
3186.9185
2357.8626
5082.7372
820.0366
2964.2306
9093.2654
5996.1056
2898.2866
2828.8347
4374.5053
1362.2360
3765.1385
2124.9369
1167.8365
9648.6426
9795.9518
2239.5182
789.3397
74.7968
1999.1104
6277.4229
1760.7548
5994.0731
3630.5592
151.1924
584.1863
1367.6155
4464.4687
1186.0539
4876.1489
2321.7861
2158.6396
7056.9319
9101.7346
2129.8294
2501.2217
7173.0270
915.2756
320.5657
4940.5684
1392.0655
4575.6518
2700.9948
985.6556
6313.0256
5412.5278
286.6661
4395.3960
17.6200
511.6525
413.4168
4678.7145
2802.7332
2309.0728
2307.2596
543.1592
1277.1232
4814.1318
7996.6623
35.2139
93.1280
1828.3345
288.6734
373.1943
2465.8677
2839.1443
2834.8477
2470.7694
3268.5018
2039.5265
111.8051
4371.1602
414.5612
375.1987
886.3894
889.8844
2209.2924
5666.6615
823.0312
5773.2819
1804.4414
1408.1370
530.8224
2394.0841
3240.7264
5501.9803
760.5238
584.3262
2332.6377
2303.4953
379.2987
4612.1607
86.4797
5739.6087
159.7926
2241.2544
943.6944
648.0176
8050.1539
2852.6766
2314.7680
4477.7294
1691.9579
4627.4994
245.0068
254.5912
3568.5834
573.1594
11751.9938
4552.5974
233.6217
3525.7426
7556.8119
159.7004
285.5547
6977.1271
776.8916
14990.6516
451.7798
7.4985
6.2390
4845.8915
594.6610
4067.9067
223.0499
3633.1129
4325.8859
3563.0147
1253.8435
62.2074
9628.0417
3417.1427
703.1956
2.3971
6377.2984
87.2586
234.2417
17.7727
20.6466
5962.7547
657.4202
3211.2073
45.1002
9471.5301
10852.2979
125.6580
9798.9577
104.1924
7813.9087
5504.8259
1003.4824
410.4120
1167.9673
4195.2842
242.6997
705.5672
4354.7089
2.9069
8961.2603
466.7191
66.2382
11774.0993
149.9893
6895.3842
884.5238
1568.2073
8581.1775
1443.7191
5807.5724
7156.5422
138.3333
6085.8887
6344.6781
2695.5135
32.0127
572.4282
80.0350
174.5250
62.6392
163.9279
165.7136
195.4680
1606.4528
4673.6460
354.0888
4646.8322
66.0145
671.4495
3.3324
5166.7640
5024.9572
694.8563
413.3310
887.6227
7494.2421
37.4407
19.3711
3763.4798
4738.9618
464.4168
528.2400
2692.7895
16.3028
6324.8462
143.2928
922.4770
430.9451
7269.2649
236.0561
8748.8747
995.0057
238.6275
8398.2717
841.9599
3941.1524
4664.4055
1572.9726
3815.0243
4917.1771
1461.6463
3699.3592
598.4632
3879.2807
14.7044
737.3088
409.7501
31.5702
550.7983
4868.9276
14587.5413
6.4727
1476.0360
502.0029
300.3658
697.1601
8619.2252
7848.4587
231.1222
91.2076
933.3442
5628.5916
4684.8681
5314.6298
838.5131
6171.8186
5651.7991
119.3138
567.1546
6825.5511
110.3246
1739.6558
5108.3127
126.0298
3696.4943
408.7387
5582.4025
4780.9679
1668.6281
3995.2919
2062.0740
33.6443
1869.5315
759.5202
10487.9548
95.5800
85.8092
135.0075
4430.7855
1671.1474
3953.0525
10216.2352
3833.8192
4.6795
244.5540
3177.9007
530.6188
9068.1981
6619.9664
254.9099
240.6030
4994.8473
3166.7461
2143.5585
8222.4775
4542.3746
16.6765
6929.8067
389.3858
968.9997
4480.1964
662.5278
2.0246
5716.9554
2599.0132
4132.3469
4699.8245
5202.7398
1553.1836
213.8819
159.4362
1437.0523
1970.8307
77.1129
5395.0513
5546.9369
1763.6210
154.0815
552.8152
1068.5479
3362.2334
3740.1306
4963.7168
12556.6486
61.4030
767.5873
239.8606
4825.5893
76.1074
22.4629
1578.0849
21.1380
8678.5256
9280.1197
2556.2752
645.2179
13697.6373
85.2878
1117.4891
165.2356
2768.8683
80.6603
7043.8365
3778.7432
4227.5104
59.4664
430.8382
4223.1093
310.5600
353.6638
3875.0458
19.9634
429.8766
77.0407
7185.7506
3151.4856
14380.3298
1894.0511
754.0440
5792.1284
2560.9873
9956.7327
930.3036
5271.1576
470.0498
464.6414
241.7470
120.9287
5942.3012
1468.3068
3607.1944
3783.9808
266.7193
10029.8859
4774.8745
7.9019
1247.0682
48.4854
883.3449
6031.4923
411.9901
1214.0367
372.3534
3318.9338
261.2498
122.4106
27.1317
688.5422
3576.1231
4585.2116
1657.6494
5464.7665
5688.9705
819.4613
11080.9205
23.7661
723.8207
869.3030
107.2016
5461.7709
205.1230
1029.3193
6339.1652
9926.0363
583.9512
223.9008
2630.2799
10871.8672
4654.3557
476.2773
5364.6231
617.2154
9571.0264
480.0966
3326.0349
7169.5929
3986.6354
3.2298
7242.2603
195.9683
4234.1156
896.3694
7463.2019
6.1225
2971.1831
741.5951
4595.2331
2837.3044
3995.2714
657.0438
33.0699
2791.0262
2761.2502
25.2976
7939.7536
158.1508
4917.5859
4535.1276
78.3893
283.1740
343.8613
3174.6895
7004.4415
9.8774
5861.5225
37.5209
7005.1633
592.9668
3371.9430
613.5978
721.9967
589.5099
64.0253
1790.3120
2877.8610
23.3969
6441.3383
510.5717
4.4245
9645.5789
6.6638
367.4983
358.6934
4685.8442
135.3007
8310.7993
947.5850
4146.6500
5061.2410
4650.6744
4199.6179
2736.5876
2539.2861
1104.7955
3728.7463
481.9896
251.6119
4772.0210
471.5585
3718.7102
26.2668
836.6697
6958.0137
541.2027
287.1558
4522.5332
61.2987
4739.8790
3851.8606
794.0700
2235.6502
340.2128
2176.1301
257.7864
6.6648
560.2338
8481.3826
151.6461
9161.3262
717.0595
9633.0649
3395.7372
4174.0283
872.5641
4548.4815
1389.1478
3875.2238
395.9887
1092.3868
3298.2726
3482.9938
441.4915
20.9949
4239.0882
8470.6758
1398.1069
56.7511
761.2794
6363.4176
721.6036
4912.1330
197.1783
285.1803
4244.2831
3484.7544
4294.2571
596.5688
728.5076
3434.9485
394.9121
3024.3928
129.8809
4468.3217
27.2533
3138.5428
305.3992
3503.5762
241.6535
4584.6777
1502.1154
5018.2852
3331.9063
2017.8677
783.6024
168.9652
148.0434
990.6651
206.3118
9368.2437
21.1634
113.5013
28.2444
1.2245
9144.5722
3937.2758
3250.3374
4114.7519
2388.0452
3672.1453
270.6013
193.7286
5753.9199
8330.7615
4222.8013
90.2004
1364.8291
3493.2850
8.7746
7591.8377
3768.5704
3.1195
247.8658
6395.1512
3316.4667
374.4349
989.7415
1813.8317
6191.5844
3786.5960
4180.1635
4786.6693
140.7370
118.0281
659.1255
375.2043
110.1639
4606.8742
1072.0361
5852.8461
721.5759
23.2129
19.5396
62.7333
895.1226
72.6330
3397.4896
3486.7357
7671.7582
4220.2020
760.5033
3599.9752
3.8995
1214.4597
57.6252
8716.2373
8415.9678
285.9176
46.7151
2386.3817
7626.8351
112.0709
1268.9110
452.8573
24.7486
3425.6958
2996.2766
477.2551
13.8749
3086.8332
316.6006
237.3914
4648.7972
166.1801
336.8899
2899.4169
102.7254
337.6974
4130.1064
3217.2201
97.0042
9735.9475
1211.1985
367.5509
4770.8632
2565.6446
6723.2953
835.1964
78.0388
394.4739
4258.5829
429.4399
5208.3469
3393.8366
3491.0757
220.3277
150.9191
6.0955
2644.2200
23.5879
5.9264
7750.9759
1063.9605
1077.0066
27.1716
4889.6410
324.5388
965.8609
189.2479
240.8829
431.9707
3489.4139
387.5903
9.2965
3667.0793
758.3282
2884.0559
4095.8832
166.4507
3204.2424
287.1532
286.3035
6561.1536
676.5034
4937.5905
397.6739
15.8038
7050.6125
411.3099
360.0106
4827.4862
9429.4060
3128.6842
3051.2963
2941.8615
356.0596
247.9090
3448.5566
39.8116
82.1723
2195.5748
7686.8236
130.8023
315.7016
1974.1496
7763.0053
3558.1621
3.9510
61.9398
1841.9934
853.7187
6916.6891
838.0493
145.6848
5242.7516
4035.4423
2913.6438
2339.8971
2393.1458
6130.5686
3857.3296
121.9790
2078.2567
2815.1516
439.6975
4017.2934
141.5294
3527.1574
2563.1975
3086.9165
2291.1157
3437.6440
2930.7794
405.9020
367.9125
3794.3371
2246.8444
360.8018
5248.6778
251.1702
4515.1056
39.4166
17.1579
2188.3306
8244.0220
947.1047
182.0158
2678.6343
493.8425
1672.5054
17.7793
175.6030
39.2988
451.0022
11.8529
24.8124
8485.4147
4681.3297
125.9300
1.9755
225.5011
3669.0252
25.3261
133.8319
3671.8006
2468.2240
13.8284
783.1911
4100.9776
2150.3616
1082.4054
572.1211
2276.2669
41.2932
1019.0225
251.8600
1934.0200
7586.9002
2372.8043
31.7858
63.8642
2374.1541
2243.1810
4088.6017
131.8564
3880.8455
4191.6567
1916.7703
2150.8679
4276.6576
6443.3243
609.8951
479.3244
7542.3193
1659.9700
2445.4347
59.8903
1684.6246
4282.0400
2435.3204
1454.3441
7.3840
631.4031
13.9727
483.9651
2412.2373
3167.0749
1934.0808
3984.4722
2370.3102
5189.4785
766.7038
1217.7060
4231.5128
3745.7529
2347.2143
1037.3052
7119.6764
180.4009
4146.6038
135.5517
2986.5925
992.2049
6727.4365
3232.4420
2201.2616
2001.1716
2553.9455
7881.9532
2262.6888
180.2355
6018.8217
2232.9087
241.9826
54.4592
391.0575
6402.3798
1687.9812
1050.1372
4887.4811
4825.2390
739.6822
718.0457
586.3029
5409.3556
4166.4040
3402.0855
392.3020
627.8522
1307.9065
9.3590
3142.1564
594.0912
57.8543
211.8287
242.5158
3296.1131
3932.6838
828.1719
3671.4373
3500.7837
64.6398
50.8959
242.4429
1428.6120
1311.9369
237.3418
1708.0595
177.0341
7749.7720
4379.5629
3539.1461
480.0141
596.1517
1968.5905
8283.8503
3040.5902
1111.9408
4232.2727
3124.1221
1832.4462
2322.4432
4197.6410
5497.3308
3137.7037
51.7641
4550.7601
3988.4936
330.9976
1890.3224
79.2317
2586.3572
132.3218
8618.0731
4517.7421
1851.4363
2471.6198
2870.6299
126.6978
2991.3071
7.9093
3215.7691
156.2889
2160.1205
373.8390
3353.7367
74.2143
40.8076
157.6707
3867.6987
2542.8688
39.0791
2231.9966
363.2718
1672.9394
3552.2568
40.0177
39.9220
7530.7073
3087.5357
406.0748
3238.7571
7112.4540
3767.4920
8517.7002
161.7518
44.0035
4606.1692
3487.1978
3807.1612
410.2858
18.5078
4375.7631
8614.1751
576.4917
759.1999
204.8349
4184.4547
7743.5037
7284.8465
24.6213
25.2071
5740.7507
4750.9290
511.6996
3573.0945
644.7308
383.7164
65.6402
3458.9348
8384.9987
277.2652
3659.1562
127.7036
428.5887
4403.9738
4095.7102
11.4717
142.8764
3700.7870
5526.3434
504.7428
121.2579
50.1612
53.3182
1118.1668
3515.8193
437.6757
7530.6035
29.4439
7.7990
9505.0193
404.0143
281.4739
334.2485
9275.8990
687.3068
4140.3413
4106.1750
92.6999
3056.8044
3876.7688
2907.3407
71.6022
3903.0114
497.0255
605.2544
2872.5216
58.3172
308.9412
355.3699
2298.6454
537.4225
243.9580
3872.4222
9373.7377
501.2476
5760.7950
9101.0461
2887.4374
3552.0076
938.2281
636.3825
2612.9358
4881.8443
140.1279
3132.0553
3274.8145
38.8918
1192.5974
4333.1282
9027.8056
149.2784
381.4952
6531.5113
5402.6906
2734.5822
240.0071
775.3110
4409.1719
2531.0967
369.8880
46.9591
3718.7598
2568.5815
2893.4453
162.5743
13.3099
3483.6470
1933.6249
4142.6873
3013.9320
2518.5617
85.6831
1382.6403
282.6067
9163.0956
380.4366
3.6000
14.7965
4509.6858
734.9313
521.0673
2914.5992
376.9740
4398.6574
530.3379
50.0992
161.5293
7537.4736
4306.3682
73.4349
215.5546
490.3410
1100.5019
243.8634
39.2752
3221.4121
429.9934
3253.9675
487.9291
4288.1270
27.9454
10111.1076
3599.2138
3980.7907
2215.0561
2872.1107
2423.7416
9926.3990
4013.5065
80.8189
58.4279
4087.3443
1119.2916
8928.6506
3085.2140
318.3910
249.8845
6746.7121
2470.3468
6565.8113
5095.2839
4391.3364
1824.8271
639.2619
91.4004
77.0310
4250.8556
6878.5111
123.9545
2831.8546
3271.7050
8485.1677
4071.0899
21.1771
1095.1459
5711.8915
355.1103
49.7797
2218.1976
7597.7260
3974.0235
30.6446
3681.7848
3343.2371
183.0979
1635.5122
38.1120
181.9910
3643.3898
3724.0827
10161.0280
746.2984
632.5601
141.7338
3578.6744
5616.9417
4439.6570
356.6556
3082.7069
9156.1375
4533.9235
750.6361
2552.2694
2770.6562
15.7469
73.4748
3375.6214
5579.1554
1189.2603
1033.3231
949.4826
357.6079
506.7328
75.7738
43.9891
4266.9215
71.5364
278.0290
3032.8182
260.9587
135.0170
42.0182
2624.4015
1337.9797
4788.4083
149.5281
2142.9417
426.7803
9250.6155
4423.3088
4333.0575
283.9290
220.3047
197.7000
564.0107
234.3481
4186.2252
233.7517
857.1143
56.6339
3000.6158
191.7046
3258.1525
730.7729
3474.3846
3771.0402
2487.3126
265.9666
140.9524
124.4148
5058.0614
793.3592
65.5979
3608.8104
430.8479
120.0035
3525.2833
80.7784
942.3735
2435.4257
543.3562
31.1034
329.5738
3558.7689
7159.5551
7437.6220
489.3622
4772.8972
14.7876
649.8069
78.7224
7943.6280
264.3828
129.0804
564.1029
3391.8142
3355.9041
2926.6374
289.5589
2773.6954
6885.7296
5546.9976
18.4633
2345.1405
7313.1135
644.1503
3393.8927
2881.5647
1221.7562
64.5402
267.2628
498.3859
1110.3142
2.6368
239.4544
5475.6338
7651.8607
5869.4474
9054.7214
7601.3133
99.5594
11997.4475
6871.7928
127.3174
489.8024
3963.3753
17948.5186
9772.6648
97.9770
599.3545
485.9586
62.2068
4473.0686
3804.0754
790.3941
5593.9347
388.2695
216.4924
5747.0999
661.8475
1408.1789
5454.3815
5481.5535
4466.3765
648.2003
2915.7657
6269.9019
961.0935
8835.1327
5209.6429
3249.0690
362.0731
4875.0260
241.5163
46.2556
9582.4368
615.8433
65.6093
646.8690
7.1200
102.3325
2267.3663
7125.0667
364.4545
329.2066
236.1212
163.2292
36.3455
1.8699
196.1872
99.9872
186.7976
211.1152
203.3848
201.1944
140.0784
191.5976
62.1064
190.7256
44.9184
43.1992
200.2264
138.3976
187.5968
186.3984
185.3576
188.1568
64.3576
51.1160
185.5168
45.0368
92.4384
193.5248
101.5072
196.5864
189.5968
198.2672
51.7160
60.1072
99.0760
44.3176
186.3992
189.2752
188.9816
104.6648
43.9184
94.6776
99.0256
188.3992
141.1176
198.0760
198.3952
191.9160
186.5560
183.7824
62.1872
136.0792
183.5992
189.9984
45.9984
45.1016
97.5184
45.2376
45.4208
194.2440
194.6432
184.7976
200.9056
47.3816
196.1040
199.0312
94.3976
89.6392
195.3624
191.8440
189.1168
67.1568
193.6368
190.0760
191.3144
198.5784
187.1176
144.8368
199.8672
190.4376
66.1864
140.3984
184.9808
93.6384
64.5408
198.9864
187.5408
185.7824
184.3984
185.5992
50.3176
97.9072
65.1576
45.9184
45.2168
47.1968
196.9240
95.9176
90.7576
46.2768
193.0448
188.3984
49.3976
64.8256
191.4448
91.9576
93.9584
189.8776
65.5584
143.1160
189.1968
192.4760
92.1408
192.3176
188.8760
100.6256
49.2376
100.0896
201.6248
187.4336
138.5808
44.3976
61.5592
191.1976
197.3616
91.6384
47.1984
198.3984
191.0760
187.6176
191.6768
49.1968
94.3576
45.1584
199.3856
72.2384
185.5408
188.7984
63.3872
47.1168
187.2184
196.9576
54.5576
188.3160
198.2592
202.0752
73.4368
48.6368
198.1568
193.6272
47.9576
189.1984
200.0352
187.9984
190.1568
189.8360
187.3576
97.1880
192.5632
142.7168
191.7568
189.3168
193.1992
48.0368
101.1872
140.7976
138.2616
138.0784
142.8776
141.5168
188.7400
99.5072
139.5976
46.9576
203.4752
141.1968
209.4896
186.1768
190.5560
193.5944
195.7640
48.9552
67.1584
138.8784
62.7424
62.1952
191.8360
142.0776
49.9176
196.7696
200.0776
59.3880
192.0272
196.8232
197.3056
191.1168
93.1576
201.6664
69.1176
187.5168
189.9384
104.6776
94.7568
192.4376
45.7808
98.3064
51.5160
191.3560
186.9816
189.9576
186.7984
190.6344
189.7568
60.5064
63.7072
44.5008
47.8360
48.9568
199.2144
47.1408
142.3576
194.3176
51.4776
191.9976
189.6176
195.4032
48.2792
195.1992
207.6760
189.3552
301.2584
3122.2216
3291.1380
195.7060
191.2343
544.6881
2495.0182
456.1744
289.6912
143.4122
4917.2891
2668.6276
490.3020
741.5390
77.1545
365.5587
14.8875
2017.3583
9849.5162
2891.0218
7573.1146
3612.4473
5616.1167
1383.8280
431.5554
749.6781
5002.2355
9464.8875
3700.3913
332.6659
922.5596
124.4137
5066.7368
84.7448
282.7334
3166.5494
440.5036
212.5613
3287.2922
8292.3791
8920.8190
222.0286
632.3039
19.7385
10758.4219
318.6083
286.3468
317.9605
266.2200
31.2635
7061.7998
525.5470
184.3210
5179.8789
271.4936
675.5173
5627.0964
5537.4051
437.3876
44.3226
3999.4578
3.1163
71.7723
128.4468
4744.3553
10591.3654
4536.1120
3837.0687
138.8776
775.6338
73.8159
5421.3308
1658.6748
3280.2307
4231.1090
3423.4336
4556.5045
3695.1656
1700.2007
698.4074
275.8793
6.3048
1009.6295
636.1528
0.1099
10427.2505
726.9833
214.7503
1636.8361
2.5470
6495.9672
1480.7882
2853.5309
3032.7055
130.5792
720.5731
1.9353
109.8579
68.2893
252.9368
325.0345
169.4896
83.7832
1498.9410
362.0589
188.5345
4212.7095
4370.2218
472.4243
83.6727
6581.6209
2217.5094
510.8644
175.9509
3826.5119
678.0634
407.4385
416.6436
12633.2536
11138.1166
5171.0313
5406.3906
7830.7018
2515.1585
6328.6242
1024.2329
10849.6699
1974.4922
4216.9588
2941.0764
321.4285
1539.5475
3603.1286
7124.3493
3806.1895
4102.4775
72.6909
3.1042
4306.6814
915.1972
472.6719
4430.5123
93.3103
951.0042
581.3338
1053.7968
6844.9461
402.2977
399.7051
3418.1097
6959.0350
3271.7603
10375.7030
13529.6481
193.4064
6858.7068
1126.2789
396.5743
357.8874
49.8515
93.7778
543.1692
39.9268
31.3233
696.2777
4448.6601
0.7192
1.8376
3.3824
13.3024
2.7992
4.6776
0.1832
6.2784
8.1984
6.0384
2.7912
2.3992
7.6856
2.9816
1.8344
5.5176
7.1976
6.8760
5.9984
11.5576
14.9024
5.7264
3.1184
2.3192
2.3584
2.0384
4.3984
2.9832
2.8000
7.3560
48.7168
0.6360
1.1184
5.1176
6.9160
1.1984
4.3192
2.5016
2.6744
2.7184
7.1568
2.6080
3.4344
3.9976
1.9176
5.1984
7.1576
5.4792
6.3184
9.9992
5.1576
0.5824
5.1976
4.5568
3.1984
4.8376
1.9024
200.9856
192.0744
193.0760
9.6000
2.1824
15.7576
6.7960
1.9592
4.7184
5.4376
202.6664
0.3992
1.7192
3.1104
0.7992
12.7576
9.5984
5.5992
6.7936
6.4768
4.5576
2.5816
6.1560
12.7992
45.1984
47.7568
199.7016
63.9584
189.3568
2.9568
5.7560
74.2792
63.4768
3.3272
2.3984
1.9992
6.3168
7.5584
9.9184
5.7576
3.1992
0.3192
49.5184
193.4784
197.2744
96.4376
5.8368
3.9992
7.3264
2.9272
5.5976
2.5824
14.4784
4.7928
1.7584
44.9576
0.5024
5.0384
3.9584
4.1568
3.9176
9.1568
1.2184
4.9576
188.7936
91.8216
103.3416
195.0336
2.8184
2.9016
3.1576
1.0352
2.4776
6.7176
45.3816
188.6344
139.9968
45.1168
193.1976
9.9168
7.8376
5.9168
4.7984
10.1824
10.3176
7.6752
6.1576
5.3576
46.3976
50.3968
198.6048
49.3560
4.3160
3.1400
7.1176
51.9976
5.0776
8.6352
15.6216
3.8368
3.0776
189.2760
189.5976
0.8192
2.7984
12.0744
1.9416
9.5968
18.1192
195.6368
12.9032
0.9552
5.9584
15.5112
3.5928
199.3616
187.1976
12.7200
198.5456
3.1376
12.0760
5.2776
50.1152
190.8760
188.7968
191.9176
4.7584
8.8368
4.3992
5.4344
10.6376
8.2784
4.9160
3.8376
12.4360
186.5824
188.5824
64.1464
98.4896
64.1416
64.5160
6.3976
15.7032
100.3576
93.5568
196.3160
3.6760
7.2760
1.0384
2.4384
6.5168
68.9152
60.7432
95.0768
191.8776
15.1144
45.1992
3.0376
9.9560
2.1576
3.6176
11.9984
3.8352
8.5568
62.9064
71.4776
98.9424
200.1568
2.2216
10.6792
14.6224
140.8376
199.4832
200.6424
140.7160
189.1976
12.5016
3.6464
4.9568
8.0368
4.3184
13.0392
188.1768
187.3168
63.3056
46.7176
7.9168
1.1384
6.6072
11.8776
11.3584
57.8216
203.1536
102.7056
136.7984
6.7984
12.2080
9.6384
64.0368
3.9184
2.2784
11.6848
5.9176
9.2768
6.0776
8.5576
64.3584
6.1568
9.1176
3.0344
7.4368
91.4768
1.3816
7.3568
5.3568
9.9192
9.6376
190.5152
3.2176
7.4792
8.4360
2.3184
5.9568
141.5968
61.7072
62.2896
49.4776
197.5240
90.3584
4.5584
6.0376
9.9160
4.8864
10.1024
68.1456
194.1632
54.1544
188.0768
5.0376
7.4768
8.5560
6.3568
2.3944
52.7160
7.1184
49.6744
200.8752
12.3984
9.8784
3.4768
3.7176
70.3168
12.3944
6.2368
3.5984
11.9944
12.5408
9.5168
10.7168
194.9576
196.2432
8.2776
13.4392
4.5672
142.0376
11.3960
10.7960
5.5568
46.8752
72.1968
101.9064
45.6376
192.6632
45.9568
48.7968
195.0448
198.7952
203.3056
4.6384
6.7968
5.6768
73.1168
66.5064
190.3976
4.7416
7.5568
67.8776
143.1976
67.2672
176.2962
5560.3402
3856.1111
3047.1695
2579.8168
4603.8104
10013.6366
3049.6412
10489.2691
22.5534
271.7663
6191.9500
8161.7159
115.8482
535.0925
2786.5509
2088.3415
6300.9149
3718.4860
8946.1070
167.7032
2894.8950
3803.0664
1379.5070
2666.5920
3874.6053
21.7332
4232.4121
23.7405
138.5253
6082.7451
2704.4837
6201.0736
477.3527
6.5130
219.7159
343.4979
1820.0889
2280.8372
10.8324
393.5136
432.8058
8866.0475
188.6947
2693.5039
4491.2797
111.5873
3282.4438
404.2181
197.8113
3889.5395
10323.0958
495.5590
3728.2060
336.0812
4288.4368
53.4938
3239.0840
5540.2612
5996.4757
51.5297
15.6318
8563.6042
5298.9745
131.6364
145.3818
272.3824
5718.0294
2510.3261
3375.6791
7112.1478
376.3679
1.6055
7406.6728
3743.7681
209.9261
2703.4449
1175.2319
11308.8707
4151.6654
177.8962
1991.3545
1912.0237
834.4263
3144.5153
562.3629
4.6342
148.8424
336.0440
3274.9344
426.3608
3234.0449
1027.8596
2983.7778
705.3452
36.5850
328.9904
95.7769
391.0970
39.4769
120.5772
5626.6570
4705.2935
7816.0663
7851.9442
0.2198
3183.5746
6141.2413
3080.2075
251.5710
2690.5362
6111.2836
5318.5113
252.6624
11381.9261
106.6652
209.6942
4247.5802
4653.4965
971.3508
122.8288
3503.3380
409.5600
1028.7546
4973.9133
358.5085
246.0606
248.5478
210.7568
5.4209
105.8709
6550.5379
499.6173
98.7172
106.1006
643.2362
4.7946
196.0640
370.4704
160.6826
361.2566
51.3554
67.6138
843.0404
162.8199
7237.5994
4466.1748
1477.0763
167.2808
255.0987
79.1699
167.3734
160.5107
4117.3237
5918.8754
2634.2754
6674.8940
401.3318
98.8932
119.0734
10348.7426
740.1087
112.5865
216.6234
7.9624
10.6360
9.0776
137.1976
185.9936
194.3152
1.5176
5.2760
11.7576
6.8384
7.0768
2.7576
8.2792
48.3968
186.0768
65.6664
15.0384
6.3576
1.7544
3.3544
202.7144
62.3584
13.9160
11.0368
15.5184
5.7552
10.5552
92.4576
188.5568
4.1168
194.3976
47.7808
191.6360
53.0752
10.4368
3.5632
10.7984
204.5456
205.7040
188.7568
7.3576
6.9560
15.8304
10.6384
192.3568
102.6256
60.0240
190.3160
11.6336
205.1936
9.7544
7.9952
2.5024
55.9976
195.4840
5.4072
7.7536
15.9192
43.9984
9.4776
192.0760
101.5576
97.4768
103.0648
2.8576
52.6760
66.2776
8.3168
4.2776
8.9568
198.0776
99.4752
188.5560
186.7568
6.9264
189.8328
64.0248
188.5152
191.1968
193.5568
65.2248
49.0760
67.6248
6.7576
8.0072
6.6376
7.1984
7.0376
2.9544
16.1016
191.7552
5.3992
4.7168
144.6760
190.3576
62.4656
198.2432
141.9160
187.2752
52.1968
197.8440
90.9944
13.2224
10.6352
6.9168
62.7576
52.0360
64.9056
48.3168
68.3976
96.7576
195.3544
10.3192
9.3968
12.8184
11.0760
71.1560
143.4776
191.3552
137.9168
211.2984
200.1048
9.4368
7.8368
9.5960
7.5976
65.5568
95.9568
9.1968
9.5936
101.1056
198.0632
19.9664
18.6584
7.5984
190.3928
193.4440
45.7376
7.3664
6.2336
14.7584
9.8368
194.4768
3.4376
143.9168
197.0040
191.9576
202.8648
198.1824
47.9176
201.6216
49.6368
9.9976
50.9160
202.2664
8.5544
14.9416
10.4448
137.4344
197.8432
189.4344
11.4760
8.2368
50.8744
56.9816
188.7176
69.2248
194.3568
7.9576
5876.4272
4613.1486
58.7400
2463.0647
679.9323
3827.0196
85.5187
5833.0003
337.4890
3112.9383
515.6577
6616.0233
10.3890
457.3549
3777.4016
4912.1149
386.7443
4028.2339
3614.3595
3420.2890
10173.5026
64.9203
4386.8082
6497.6565
686.5101
2834.7892
777.9778
2808.9635
36.6164
931.4884
6122.7127
632.2261
314.7345
3815.2747
4774.8873
649.5124
170.8173
93.9244
21.8369
6262.0852
7298.0164
5543.6713
308.0566
6598.3844
50.2819
16487.7988
3468.7996
326.7140
38.4549
351.9104
3899.2584
506.4316
6.5447
3642.8419
2.3970
883.9174
3239.1786
898.1402
211.1348
7432.8021
189.6320
5234.2770
2644.6061
4449.9619
1105.1675
6091.0219
2543.4842
100.3212
1142.1312
154.0283
4562.9537
923.6091
1079.0774
67.3477
369.3644
719.1888
344.6202
11.5200
46.2411
67.0015
46.8953
139.8462
128.0507
2642.7199
3667.5770
2938.6530
4582.1555
104.0115
137.3224
3027.4962
128.2781
331.1439
3018.2294
11.8360
10.0456
8.6768
2.2368
97.1568
193.8032
11.7824
44.5544
95.6376
13.8776
5.5576
15.1184
12.1024
5.5936
71.1576
51.0784
9.7984
3.7464
2.5576
10.3160
191.5568
95.1568
7.3984
20.7272
9.6368
51.1560
52.5552
56.6752
15.3016
7.1960
7.3552
189.6768
67.6368
190.7968
9.0768
5.9560
7.7144
6.5160
103.1464
98.7560
190.5568
8.1168
48.7960
50.7168
65.2648
104.3064
67.8760
4.7400
4.3968
12.1016
104.5848
196.1632
2.5384
2.2336
191.3568
190.9552
94.2760
51.0368
194.5560
199.3024
6.1984
46.7976
189.7552
100.2656
6.4376
15.6472
6.9008
7.4376
95.5976
193.1560
197.2224
11.5024
51.1576
49.4360
5.3760
7.2464
201.3448
193.9160
5.3152
8.5664
51.4328
44.9536
61.1424
9.9952
189.1176
3.5176
7.8784
47.1576
142.3976
48.7176
10.0376
148.6336
206.2744
202.5864
186.1568
141.9560
5.0352
70.5152
11.9184
3.4272
10.6776
6.7976
7.5176
6.9568
9.1168
72.1080
56.5576
193.3160
49.5568
8.3160
198.2024
195.2760
191.3760
99.9064
8.3984
10.0368
3.5184
188.7976
48.7560
4.7576
1.3016
2.8768
17.2200
71.8768
63.5008
193.5960
6.7568
8.8768
49.9960
54.7016
95.4760
47.9984
7.3008
190.1160
197.4432
91.3936
3.1176
8.9560
13.1192
190.3168
6.6360
49.2768
52.7552
7704.7059
561.5210
3253.5407
466.2592
2663.7440
145.3717
2347.8424
19.2353
325.6356
3414.9913
2571.3711
32.5434
2902.9033
686.0540
746.9124
532.8280
6135.0593
96.1903
1750.2821
1.1982
7330.6656
276.5148
3648.2642
3906.8808
548.8604
244.0469
219.5947
6146.2680
3842.7693
664.3096
328.5320
4729.2736
7024.4833
77.5479
432.9691
7328.1486
35.6872
721.8043
9175.5265
3233.2624
211.2121
505.4557
2075.3956
274.6449
302.2966
7154.2907
6025.3167
44.8458
810.0398
3248.8144
303.5596
3418.9207
3207.6045
630.6691
1748.0191
257.7471
568.8000
3611.7741
4918.5162
2572.8166
78.0177
981.9537
4476.5593
278.0154
2305.4307
2756.2685
2561.2565
4778.3620
1873.1300
2777.6964
3.6395
585.9393
3.1962
3725.2340
436.6086
70.4279
3404.8357
450.8413
5177.4564
96.3554
250.0361
1703.8719
544.3875
10818.0240
178.9412
411.9673
540.1516
554.4890
422.0506
21.2294
436.6884
2925.8926
697.6369
2739.1123
4906.5055
2623.0395
486.8361
1720.3650
2483.2107
2469.2226
3955.0564
77.6964
2779.0624
2924.2796
3866.2670
1739.5579
3141.2668
542.6955
8279.5973
3247.7900
2456.9555
575.1276
49.6256
4171.9943
75.2527
9147.4960
2994.8421
4310.3111
476.7820
513.7301
1022.3196
11760.4466
195.9143
592.6979
602.1632
3872.8236
628.0175
207.2978
2980.2259
130.6992
571.8022
2761.8256
2773.4150
2530.0627
1467.0210
69.9754
5151.8480
283.1625
118.8629
588.0651
349.3319
549.2897
207.3311
164.2944
367.6795
856.9190
6877.0228
1.2000
711.9098
2777.0599
10808.0857
1789.9402
2729.5858
711.0886
3.5376
66.9056
46.7920
192.7176
96.9960
92.5936
3.9968
15.3024
3.6192
6.1536
9.2760
200.5624
9.7256
53.1960
190.7176
199.5184
6.4752
11.5560
101.9464
8.2768
8.7184
7.9968
11.9568
143.9584
47.6768
193.3560
207.0272
49.9976
7.7168
192.9552
9.5176
16.1024
198.6424
196.8824
65.0768
198.4792
192.1560
138.0384
53.1552
2.0176
2.3168
65.1768
102.2264
96.2768
201.9136
12.7104
15.4752
8.9552
195.9168
13.3560
139.1168
49.2368
192.3168
11.3568
5.1168
66.2992
192.8752
187.9968
205.0680
198.5816
92.7168
5.1408
51.8352
105.0672
97.0376
50.9552
7.2376
48.4168
197.2760
7.7960
142.2776
61.2256
12.5816
188.3576
194.6776
194.4760
59.1568
193.0368
195.7560
60.0592
191.5168
64.0656
10.5976
4.7592
64.4264
10.2360
2.5776
151.3008
3.2184
206.3128
71.5152
186.4184
190.1576
49.1984
55.3528
100.5424
140.1299
28.7700
352.7392
4160.8105
4161.0303
2702.2211
6891.8494
7143.8639
3513.8393
2642.9501
804.0670
6721.8141
2629.3245
1838.3036
595.8857
5876.2809
5100.5779
8250.3327
3309.3345
2577.5038
3.6757
2570.1278
2384.0238
2430.5755
4246.2616
3420.8622
283.7083
3763.4831
4686.4590
6928.0064
124.4305
1081.7156
138.7541
42.7594
436.7120
339.1268
1495.3562
55.6448
255.8046
5852.0802
3397.1629
320.0325
3962.3325
178.2944
2413.8141
704.6309
6935.9428
3129.8619
427.7460
776.9216
4878.3081
3208.3740
5426.3807
2776.9885
554.2421
5328.5213
5438.5824
7490.0571
21.5541
1231.1837
222.8412
1336.7624
913.3448
2685.9319
3572.4081
7766.2065
1.4024
3322.3732
3253.2511
985.2142
967.4506
711.2759
2059.5312
9417.2592
3673.6169
2049.8869
1820.5834
295.0544
932.4504
467.9791
645.0922
184.6479
351.6945
2666.1849
2.3964
3445.6897
3397.9404
64.5752
112.7618
7.1904
98.8478
356.8109
133.6314
351.3066
5149.8403
3924.7752
3208.7244
5049.9218
2953.5384
1474.5253
143.1099
1699.1895
199.6376
3873.2479
190.9487
848.4110
4333.7143
180.6115
3315.0169
484.5709
102.1908
257.6049
3833.4310
3304.3382
1922.5990
43.6026
4494.0009
263.3032
77.4258
36.3232
590.6369
165.2475
58.2190
241.5170
4354.0766
650.2009
354.8224
6082.4852
55.1774
213.5488
525.9104
32.1778
149.9320
30.1979
210.2511
3598.3092
2442.2420
88.6452
708.1957
2.3171
5526.8451
6967.8769
148.3353
2394.8016
2597.4318
6648.4683
206.6988
5394.6173
238.2458
3498.4575
3400.7541
413.9397
193.3544
10.1544
4.0184
6.8752
68.3576
187.9168
46.3568
193.0784
4.3976
64.7168
45.5976
70.1064
198.1224
47.5168
49.7568
201.7048
47.5184
192.1160
69.2760
195.6752
92.7768
8.0752
196.3976
49.9568
194.0800
105.0256
185.4336
192.5560
46.1560
56.7408
5.2768
189.2184
199.1144
52.2768
192.0808
51.4360
10.9560
68.6776
146.7976
195.5968
196.6360
53.1168
54.5536
193.5968
68.0760
69.1160
7.5168
103.4664
10.5560
187.9936
66.1168
66.3176
143.1560
139.1568
13.2176
3.3560
191.8784
4.3400
203.3472
45.1408
15.2216
10.5168
54.4752
197.3008
192.5544
50.0376
44.5808
46.5808
67.3048
8.4760
50.4752
204.2256
113.2624
58.1016
47.5976
98.3968
205.3440
49.0360
47.5936
189.4336
96.3568
7.8792
198.5632
54.4344
7.7152
7.7568
60.5008
186.9808
142.7968
7.4784
51.6760
62.8256
5.8344
12.1816
8.7160
201.5184
1.8576
145.5960
193.8784
188.8768
57.9576
71.7952
191.2760
197.9952
190.7400
97.5560
5.7568
9.7832
12.1824
2.7936
2788.1476
660.9140
2477.3520
2047.9871
258.1609
3775.9204
336.7046
2925.1922
5053.0058
2.8075
9076.1461
3155.3159
5.2790
4719.4340
5941.1179
3571.9536
59.4315
5393.1834
290.4812
3868.1560
2724.5596
1057.8925
5610.6124
6864.8492
175.8652
7.2790
2157.2620
32.7553
212.0877
893.9100
2701.4897
1399.3803
2245.3795
774.7592
726.2554
451.7816
271.6556
2704.1295
2398.6103
3998.0017
2281.8134
9.4089
425.1753
2043.0072
146.7493
3384.2973
1196.8204
60.1761
5496.2454
2128.0226
2329.3175
2533.6692
15.2820
1385.0628
971.0998
3059.0831
1315.6241
491.0700
2150.5215
1793.3367
1300.5815
2540.8838
196.4282
1373.8629
5265.2773
134.6954
310.9462
4931.4798
2514.2567
278.9408
35.8980
65.0868
772.1309
826.5629
14.5579
924.0963
1018.2821
3.3020
2830.9891
2415.6779
1247.4450
2581.4895
59.2154
50.2376
8.1560
10.1560
6.6776
9.5568
194.3944
190.4760
48.1152
9.1576
52.7952
196.9624
93.9168
92.6768
8.9152
49.3528
16.4208
201.5944
6.3176
8.7976
196.1152
193.9976
194.4352
9.7552
191.5160
194.1560
1.7808
51.1960
12.4064
12.5832
71.1512
53.1160
52.3176
11.3552
53.3552
52.7968
75.7160
192.3960
192.8344
196.5624
196.8792
10.1976
187.4344
5.6760
12.4576
11.7560
192.5552
191.1984
11.5168
11.0784
52.0376
70.1160
103.4248
200.5856
192.4800
145.1960
7.9656
6.5976
8.9160
189.5176
202.2016
6.3960
52.0760
4.7160
4.9816
9.3168
64.9936
200.2608
189.5392
194.2632
48.4760
45.7568
202.3944
2.3408
194.0744
137.3808
191.5960
12.4376
62.9256
8.1152
46.9168
65.1840
101.7408
18.1974
15.8332
1403.3365
3108.3993
831.5134
195.9540
755.1281
1861.5451
370.1188
8345.5531
3240.9397
3128.2389
732.6735
159.0405
3549.9987
80.8596
455.0876
34.8616
1765.9717
377.6289
3.6657
8.4341
325.5020
1156.5014
433.3890
4.7940
2119.5504
4892.6314
447.5270
3093.3546
1116.9390
3424.6492
2315.6201
4651.0208
289.8592
282.5802
13.2649
28.9269
397.0800
277.2732
146.3519
1897.1549
85.3125
411.1322
3091.3252
7056.0374
2559.7641
2435.8805
1690.7363
619.1510
4310.7843
443.8875
3736.0694
2054.4286
2093.6428
2034.8459
531.3807
62.4978
167.5134
950.0773
109.7570
39.8067
2858.9176
977.4409
160.1839
32.4999
293.4987
138.9864
2292.4414
7028.7183
2037.1037
132.1914
4301.1219
14.1133
25.4764
2326.6679
3228.4231
332.5438
2302.4693
5771.0667
2336.4343
69.5162
4375.0415
2702.5504
1650.5804
920.5309
445.6823
2384.8308
3811.5840
7840.9784
2203.5041
861.2643
963.8853
7.3941
2733.4194
50.5989
322.6145
271.6618
911.7842
1453.5917
2441.2498
5300.3677
183.1441
481.9427
928.5916
2434.2035
1039.7018
2601.8687
2262.1150
2390.1614
4405.6442
1104.7309
129.4068
5208.7267
180.0818
173.5444
646.5324
2660.5385
2077.1758
370.9956
3772.0547
128.3880
346.6051
516.7498
417.2635
298.6059
909.4533
741.7348
155.4941
2609.1499
2336.2562
3459.6653
6398.8843
3688.1195
10391.6881
4540.4811
91.5711
883.2329
664.5966
2558.9441
10348.2360
2397.7165
7.0368
2.9944
66.8248
189.3560
190.9768
68.3560
8.7576
192.3976
193.6360
2.5536
3.9920
189.5160
12.1976
4.3168
2.9768
15.7016
9.4792
191.5912
60.6896
69.0360
204.9056
197.1408
191.9384
195.1984
65.8768
7.1968
193.2368
65.2352
188.1816
13.8384
198.5024
48.1560
190.3960
188.7392
101.8656
47.0336
8.7968
8.7168
54.6336
199.7008
100.7064
46.0568
100.3264
194.2768
207.0664
63.2248
3.7800
11.1176
16.3664
5.9968
4.4728
192.1568
95.5160
12.9272
5.1944
67.5176
66.9152
95.8376
11.4376
8.1160
194.1552
54.8376
192.5936
6.6040
1122.1766
233.6452
2561.7505
3143.0737
2902.3669
2106.1688
6500.3898
1304.7770
5213.1770
421.0946
440.2480
5702.0229
2356.5412
430.1389
1857.4442
2004.2352
521.4937
2045.9863
6296.2372
4342.4608
1885.5622
2465.3385
3932.0672
3770.3321
836.8223
268.4573
2126.0978
3490.6481
1028.7920
117.8697
9.5981
1440.5937
3122.0160
88.3262
5388.6379
35.3239
1204.8981
2831.4863
407.4927
5049.1032
4553.2508
5138.1526
594.8051
360.1636
0.9350
2236.5151
6643.7788
3529.1148
1209.7167
1364.3930
480.5516
11.0272
1166.7600
3601.9455
490.3526
2362.6129
2655.9064
2314.3494
2510.8913
1941.1690
2768.2894
472.5369
7.3515
3803.1144
5065.8345
2568.5949
1811.9993
5178.8472
2216.8385
9.4357
2796.6975
2505.7412
1660.0961
1092.1634
2691.5209
286.2197
2193.5591
5635.3192
850.6978
2377.1978
278.4107
2031.3713
3215.3812
10.9184
3016.5500
463.9788
6089.0560
498.8810
112.7347
10.8875
1935.2363
21.0449
4081.7549
667.9862
1064.9474
2815.1640
3163.2138
150.3888
5344.2309
1262.1725
134.2227
881.8565
3675.5449
148.2804
2745.5721
2722.6912
5013.0169
15.5158
589.2646
1641.5361
44.7209
621.8934
101.4759
334.3576
299.9055
518.2860
215.2073
129.5546
5585.0056
2139.7831
636.0184
1234.5216
1333.7981
4633.1457
140.2754
2300.6922
158.3399
3917.0002
42.2244
580.3986
186.7392
140.3568
200.3544
191.5560
200.2424
196.1560
142.2360
48.7976
190.3408
3.7936
53.1912
10.7944
202.9856
66.7568
139.0336
201.3616
193.2376
12.5272
148.1808
17.0392
7.9176
11.5416
50.3560
4.1576
195.8432
15.7544
199.7224
12.3960
95.7928
11.8216
201.4600
190.7160
99.1256
66.7576
103.3448
9.8760
66.8360
190.9560
5.7960
202.7944
65.5864
53.9176
16.9568
50.7968
204.1040
103.9864
193.2752
48.3176
48.3568
196.1016
48.7920
15.3416
4.7376
7.9920
192.7976
65.6248
49.1160
10.7648
51.5968
1.5976
106.2656
214.5225
44.6015
69.3968
190.5160
6.4456
45.1368
3765.6618
2786.6857
708.0300
3831.4359
167.7550
132.4395
6866.2977
535.9705
3391.0092
36.2192
5693.6152
3094.7770
2318.3167
5205.7917
2145.7782
55.2943
2658.8666
2827.4988
6178.4826
4056.9059
6382.9283
2547.8008
50.8913
3048.4671
42.3339
1133.4099
7145.4011
416.1585
3423.1403
918.6214
105.9940
4997.8104
409.3778
5299.6416
6080.6124
9060.1997
9979.0212
4348.0911
19.1784
5687.5408
11240.5499
619.2651
7.2633
378.1185
349.8239
23.9754
593.0596
79.8963
4016.9572
694.9778
7981.0738
1240.1586
560.3592
300.7776
5097.2385
4859.9119
6079.7887
175.5249
5485.7751
3255.3758
85.3996
2977.5861
71.8917
742.8940
69.2871
494.1940
799.4489
2881.3514
185.0091
230.7332
2249.2620
2948.8135
3515.7080
32.0615
49.0642
4000.0004
2628.7595
2629.5045
3520.0602
10.1552
188.9560
4.3368
46.3168
191.8328
68.3856
67.8376
16.2576
68.0240
201.3232
51.9568
190.5552
98.7168
50.2760
99.4760
64.5056
189.9168
9.4064
193.4368
66.5056
192.9560
50.5960
63.9536
20.9104
53.0360
11.5592
4.5560
67.3168
190.8752
52.4752
195.5560
65.5448
52.4360
7.6456
201.1688
52.7560
61.8904
143.9960
13.3464
69.4376
205.1128
70.4352
195.5160
4.7936
140.0376
195.1976
9.8360
195.0784
71.1840
63.3176
7.1928
189.3760
66.7848
563.5976
11.2376
131.4079
480.5584
37.9219
3124.7603
2241.9591
586.0528
2523.8927
80.1960
2747.1052
268.2487
1728.5622
511.7273
573.7524
3174.9346
63.8487
4929.0034
664.1488
1827.0159
356.4117
5852.5959
2573.6624
3175.0233
1180.0704
384.1040
3224.1655
2478.6577
351.2815
2533.9448
6802.5067
63.2072
91.7878
5860.9737
3137.1501
1128.0944
55.2988
5906.0162
198.0329
2528.1467
199.4927
8243.0584
43.1083
55.6341
6549.5248
3023.1673
1304.3404
3476.3951
613.1298
161.3073
3315.7167
1824.6835
3155.5823
3383.5159
4871.0511
331.8710
70.0898
8058.3785
190.4187
4174.2924
7.1922
1739.3357
3048.5218
1055.0880
4076.4120
2958.7762
3056.3076
1139.6171
242.6062
293.9311
9504.3643
95.0373
224.5153
947.0818
5454.2000
331.7033
29.1158
2268.3563
2427.6538
599.7357
273.9814
1946.3699
187.4325
329.6065
497.0761
65.7607
91.4065
104.0872
485.2447
508.1966
236.8949
239.0290
202.1761
3486.0355
177.3020
5889.7336
1325.0155
600.6902
675.6858
594.3690
10188.9222
2810.7222
360.4760
4651.0840
2009.6373
353.2989
3380.7099
285.9062
3272.2141
4826.2757
4936.1504
2411.9750
185.2998
3117.9845
1663.0268
2676.0354
3362.0940
154.8909
10820.9060
5248.8130
4938.9683
26.7798
10616.1592
4037.7972
144.9502
459.1362
731.0172
4213.2102
638.4299
2518.6901
3439.7370
6110.7725
778.1845
6.2326
4011.5624
476.8146
64.7483
681.7460
10.3979
99.8428
226.7276
7473.9225
45.3569
3003.9599
8070.2041
58.5782
2939.3101
1555.0762
343.4605
17.2768
9.6760
71.1592
45.8736
73.7416
90.9408
66.2752
191.2744
50.6760
195.3824
55.0208
72.9176
105.9456
103.9056
190.7976
189.5560
7.0736
53.4768
50.3976
191.3160
200.1816
93.5976
6.1552
196.5024
100.7256
13.2208
194.6352
69.0384
52.3960
8.1552
8.8760
201.7016
13.6184
194.7936
69.3048
195.5936
45.6768
95.7960
11.8760
192.3928
8.3960
4.3176
72.0752
97.0360
9.3560
49.6760
49.1560
195.2376
66.0240
8.1568
5.3816
11.2360
10.0744
49.1576
3.9984
207.1528
10.7184
65.0776
143.1168
66.9528
66.6888
206.2328
93.7720
1.7008
167.4668
108.8853
3505.9218
3073.4952
2118.5455
3182.8264
6708.6741
8684.9465
2881.8187
337.1724
2766.4152
130.7600
384.1796
1932.5140
4900.1500
6354.4426
2984.5505
4610.7707
6242.3752
2899.4485
1670.9990
2697.0816
3454.8806
3041.6956
3182.9844
176.0150
5541.0355
1466.9247
47.5540
3057.4851
271.0167
252.8900
2544.5099
919.9978
544.2564
91.3263
271.8533
49.9516
4442.0860
3022.3456
4972.7437
427.5025
2258.2150
204.0768
8334.2925
349.2940
2901.9411
669.5039
3804.8052
2902.8695
3988.2712
2862.0169
5095.2062
167.2764
5184.1392
6531.5368
2895.1573
1097.9351
5442.4129
89.3675
8163.5307
562.9478
3480.7174
3329.7641
196.3012
8686.4181
1206.7246
1863.9756
759.6359
3699.9010
753.4201
331.4531
2665.6788
48.1756
2707.7218
1105.8967
626.5439
117.4747
265.9421
2723.8920
21.0119
3133.2236
139.9222
137.8015
156.9978
594.1630
189.7938
3097.9076
3614.5867
3114.6122
3774.0462
44.0309
2843.6075
342.6146
417.2239
2524.7801
858.3606
190.6666
2817.1113
3998.4847
6729.5996
19.7391
3929.6637
1014.8712
5118.4791
193.2538
583.0047
203.1943
5924.7046
345.0877
5574.7573
34.2398
4842.1679
202.0909
586.9974
55.5552
530.8302
287.7065
610.8461
187.4031
170.9785
199.8250
3.2724
5490.1649
238.4634
47.0465
8.5233
282.8946
519.9915
83.4069
215.7163
52.5843
2807.4181
33.9980
530.7437
7862.2953
115.1712
7105.0290
48.3895
297.5771
332.0806
3430.1744
2833.7136
3266.6699
7735.1488
3253.9467
297.1382
6573.0031
51.2360
138.0168
193.5552
20.8688
68.0648
63.3936
204.7536
103.3864
193.9168
9.5952
5.3552
3.9376
64.7576
3.5976
12.8368
99.8368
198.5624
193.9184
66.9160
198.4728
11.5176
205.5136
68.6768
67.7168
146.2352
194.5152
6.5568
4.8760
105.1048
203.7048
107.8232
193.1968
191.6752
191.1568
190.3584
194.7168
51.6752
14.3184
4.0752
64.1064
195.0760
7.9160
193.3144
202.9232
49.4328
203.2272
191.9960
196.3984
45.5936
194.9160
10.8368
151.1176
14.7408
192.7960
10.2776
11.7144
8.9976
9.7160
10.5152
9.4768
15.5776
16.5824
11.1168
16.5000
9.2736
9.7928
14.8776
8.2360
19.7160
1.3552
10.8184
15.1976
